2.9877877235412598
4.291653156280518
3.8208677768707275
3.1267621517181396
2.2689061164855957
2.1074776649475098
3.0429837703704834
1.2981488704681396
2.404420852661133
1.646207332611084
1.5592856407165527
3.044584274291992
0.9339142441749573
3.314389705657959
1.937843680381775
1.3380504846572876
3.819866418838501
3.662069082260132
2.1785643100738525
1.2477540969848633
2.0402750968933105
2.118771553039551
2.8958048820495605
2.7982535362243652
1.9104231595993042
1.32545006275177
1.293086051940918
1.0433732271194458
1.0733740329742432
3.8654236793518066
1.4819992780685425
3.858252763748169
1.9498592615127563
2.126779794692993
2.0684473514556885
0.9698068499565125
1.7521430253982544
2.1352756023406982
1.8733065128326416
1.2295641899108887
3.899742364883423
3.499361276626587
3.14542555809021
1.1008195877075195
2.142820119857788
1.3638455867767334
1.4098297357559204
2.1100869178771973
2.44362211227417
1.0996928215026855
1.1680301427841187
1.4160428047180176
1.231382131576538
1.4453155994415283
1.3395345211029053
1.2269623279571533
2.974945545196533
1.6988093852996826
1.084368348121643
3.675154209136963
3.144578695297241
1.5705991983413696
2.674415349960327
2.5204250812530518
2.453612804412842
2.0402002334594727
1.7709317207336426
2.318920373916626
0.9737865924835205
2.504335880279541
1.7657718658447266
1.7905821800231934
1.442488670349121
1.191247820854187
3.9234652519226074
2.407255172729492
2.2330856323242188
1.9189555644989014
3.0895497798919678
2.0682034492492676
1.404279351234436
0.8724843859672546
2.3249671459198
3.135106086730957
2.0022268295288086
1.1854195594787598
2.113131523132324
2.132035970687866
3.319413661956787
1.4387315511703491
3.1501553058624268
2.006450653076172
1.879737138748169
2.037673234939575
1.8380889892578125
1.5560959577560425
1.9598947763442993
0.2905116081237793
1.9966508150100708
2.381779193878174
1.5342074632644653
2.075042247772217
1.9028980731964111
0.9335594773292542
2.3571457862854004
0.912727952003479
1.1286053657531738
1.9873350858688354
2.196532726287842
2.2085673809051514
2.404393196105957
2.0021960735321045
3.555335521697998
2.5499606132507324
2.0805180072784424
2.1202309131622314
3.3739123344421387
1.091098427772522
2.0073094367980957
2.186385154724121
2.4246153831481934
2.221532106399536
0.7533434629440308
2.1563050746917725
2.4201083183288574
3.6354424953460693
0.13531985878944397
2.6594481468200684
3.1209912300109863
3.1987879276275635
2.064906597137451
2.7119784355163574
2.4266693592071533
4.303787708282471
2.6036925315856934
2.715282678604126
2.442983388900757
3.481597661972046
1.5335533618927002
4.162466049194336
2.7597286701202393
4.096375465393066
2.264878511428833
4.370227813720703
2.117753267288208
1.0013118982315063
4.58499002456665
2.425239324569702
1.1617519855499268
0.9670757055282593
1.451268196105957
1.7261922359466553
1.4788358211517334
1.5380957126617432
2.324812412261963
3.5214853286743164
1.4404462575912476
1.1310065984725952
2.606140613555908
1.5098018646240234
1.9632209539413452
2.7915148735046387
2.6285338401794434
1.3237570524215698
1.9233554601669312
3.324495315551758
3.33471417427063
2.7956767082214355
1.948169231414795
3.9959681034088135
1.3305761814117432
1.5645647048950195
2.4997143745422363
2.275879383087158
1.392482042312622
3.721954584121704
2.9672396183013916
4.0320329666137695
1.2911027669906616
0.7199156880378723
1.5922795534133911
2.4642786979675293
2.2920875549316406
1.8550996780395508
2.233755111694336
1.282365083694458
1.0501377582550049
2.3334128856658936
1.4800708293914795
1.6557170152664185
2.965182065963745
1.532471776008606
1.838860034942627
0.5967546701431274
1.7704534530639648
3.4297866821289062
2.835493326187134
2.283932685852051
1.515110731124878
2.2685024738311768
1.8707154989242554
2.2323946952819824
2.209528923034668
1.5845674276351929
1.667856216430664
1.054470181465149
2.5240328311920166
1.9826363325119019
1.599328637123108
2.746591806411743
2.1146504878997803
2.1876766681671143
2.1562256813049316
1.6632862091064453
2.425400972366333
2.0141851902008057
1.8948816061019897
3.31075382232666
1.473908543586731
3.544437885284424
1.4809925556182861
1.3118659257888794
2.1954379081726074
4.187651634216309
2.20295786857605
2.290557861328125
2.3863682746887207
1.803720235824585
1.7132807970046997
1.9277679920196533
2.281777858734131
0.9990848302841187
3.6786322593688965
2.595921516418457
2.0016729831695557
1.4355602264404297
2.0645196437835693
1.4098931550979614
2.1861801147460938
2.3269033432006836
1.197106122970581
2.054415702819824
1.3831298351287842
2.4663567543029785
2.2243709564208984
2.398531913757324
2.0734925270080566
2.6401596069335938
1.8281974792480469
1.7461869716644287
2.913926601409912
3.414628744125366
2.342874526977539
3.1387782096862793
2.2261204719543457
2.6519150733947754
2.51031494140625
2.4419326782226562
2.1787729263305664
2.5167765617370605
3.1321513652801514
2.9282867908477783
4.188830375671387
2.872870922088623
2.400205612182617
1.6706568002700806
2.602015495300293
3.5383081436157227
4.425418853759766
2.834726333618164
3.653914451599121
1.4713749885559082
2.48856520652771
2.655040740966797
3.5707755088806152
4.435149192810059
1.4138810634613037
2.3421108722686768
1.818963885307312
2.6779139041900635
1.8986339569091797
3.4397201538085938
3.7010068893432617
2.443114995956421
2.364035129547119
3.4639878273010254
2.6621925830841064
3.8715622425079346
3.5077767372131348
4.599447727203369
3.5263166427612305
2.276052713394165
2.469980478286743
3.9746177196502686
2.594233751296997
3.0759401321411133
2.4386892318725586
2.572136402130127
1.9491219520568848
2.1678104400634766
3.598825693130493
2.581913948059082
3.7725439071655273
3.202561378479004
2.073424816131592
2.5897698402404785
4.097535133361816
3.52900767326355
2.256359100341797
3.8204283714294434
1.6489046812057495
3.843604326248169
3.7459630966186523
2.085378646850586
2.548152446746826
4.020545482635498
1.5300252437591553
2.953547477722168
2.283339262008667
2.1794650554656982
3.0690863132476807
2.612006425857544
3.775383234024048
2.359854221343994
2.442263126373291
4.589496612548828
3.7606186866760254
4.00714635848999
2.171907901763916
4.060911655426025
1.3337188959121704
1.9562592506408691
2.129697799682617
4.731279373168945
2.4775915145874023
3.57672119140625
3.342102527618408
4.595263957977295
2.296088218688965
1.668287992477417
2.285839080810547
3.2397735118865967
3.905261993408203
2.7134041786193848
1.916353464126587
3.9594876766204834
2.625430107116699
3.3420767784118652
2.5344629287719727
2.2315404415130615
2.680148124694824
3.387096405029297
2.39563250541687
4.546946048736572
2.5899136066436768
4.492013931274414
2.455130100250244
2.0041017532348633
2.4636752605438232
3.471741199493408
2.4119443893432617
3.7662315368652344
2.115723133087158
3.6141247749328613
4.511317729949951
2.2323312759399414
1.8126798868179321
2.141982078552246
3.2575931549072266
3.4736692905426025
2.1821746826171875
3.1543846130371094
2.069988489151001
1.937031865119934
1.8580329418182373
3.5631158351898193
2.3879942893981934
1.803392767906189
2.455204963684082
1.9261621236801147
3.7966859340667725
2.563469648361206
2.609163761138916
2.868454933166504
1.4517436027526855
1.6075680255889893
2.5476863384246826
1.8347889184951782
3.440147638320923
2.701759099960327
3.7664389610290527
2.6290483474731445
2.071667194366455
3.9814493656158447
2.07891845703125
2.4517526626586914
4.3441314697265625
3.5966925621032715
3.2337942123413086
2.3808555603027344
1.7367751598358154
1.994209885597229
3.4279909133911133
3.6646952629089355
2.691002368927002
3.679565191268921
2.3060038089752197
2.335137367248535
2.378807783126831
2.4927103519439697
2.2712061405181885
3.6687169075012207
1.6419082880020142
4.798127174377441
2.6342110633850098
2.7093539237976074
2.0993528366088867
3.4952197074890137
2.0528533458709717
4.544416427612305
3.7849926948547363
2.587648868560791
3.4811553955078125
2.7365951538085938
1.7882381677627563
2.6499078273773193
2.577613592147827
3.5126991271972656
2.515620231628418
1.9960005283355713
2.4513561725616455
2.836871385574341
1.828749656677246
2.784951686859131
2.4869396686553955
1.5097458362579346
2.394253730773926
3.298877716064453
3.3498125076293945
2.1937904357910156
3.1021347045898438
3.8682637214660645
2.016003370285034
3.2713961601257324
2.4653689861297607
2.036877155303955
2.2775819301605225
3.705627679824829
2.3145334720611572
2.075150489807129
2.991788387298584
3.7986159324645996
3.8101401329040527
2.389181137084961
3.964257001876831
2.81086802482605
2.8162786960601807
2.1551265716552734
2.2372186183929443
2.6464366912841797
2.2242038249969482
0.8725883960723877
2.1020514965057373
1.0047810077667236
2.615176200866699
3.400089740753174
2.2096540927886963
3.9763550758361816
4.509566307067871
2.65493106842041
2.2493810653686523
1.4905755519866943
1.280482292175293
2.019418239593506
2.5327401161193848
2.468982458114624
2.330625057220459
2.1067099571228027
3.6123781204223633
2.420459747314453
1.9396257400512695
1.8389482498168945
2.6703941822052
1.8436681032180786
4.84527063369751
2.1229584217071533
3.826022148132324
3.0178310871124268
1.5605566501617432
1.6825305223464966
3.3153417110443115
3.00691556930542
3.5639944076538086
1.6002272367477417
2.543030261993408
2.2583816051483154
2.699791431427002
3.9113380908966064
2.6109778881073
2.62424898147583
3.2907164096832275
1.7632222175598145
2.386648178100586
2.9719762802124023
2.0412416458129883
3.106626510620117
1.7513983249664307
2.2209689617156982
2.287398338317871
2.4509642124176025
2.242454767227173
2.201430320739746
0.2546626329421997
2.4362378120422363
2.502732276916504
2.161487579345703
4.144130229949951
2.673797369003296
2.7895140647888184
2.0874431133270264
2.267470121383667
2.0382509231567383
2.9846181869506836
1.793164610862732
3.933760643005371
2.7400729656219482
2.347852945327759
2.40317964553833
1.6195144653320312
1.7791311740875244
2.4821465015411377
2.1085264682769775
2.4355032444000244
1.9356586933135986
1.825940728187561
1.8901021480560303
3.1590960025787354
2.4281110763549805
2.5984809398651123
2.676351547241211
3.648475408554077
1.1428327560424805
2.476637125015259
2.9770123958587646
2.674997329711914
2.7447285652160645
2.0955777168273926
2.2699460983276367
2.454042673110962
1.7139471769332886
4.506469249725342
2.4001474380493164
2.4193811416625977
2.819160223007202
2.367490291595459
3.2823233604431152
2.0023999214172363
2.468674898147583
2.3830349445343018
2.174259901046753
1.5149614810943604
2.2655298709869385
2.5961570739746094
2.1822290420532227
2.624152898788452
1.9187252521514893
3.1193065643310547
2.1437177658081055
2.323916435241699
2.0286152362823486
2.423882246017456
1.3495655059814453
2.4837090969085693
3.6421024799346924
3.967060089111328
1.5591709613800049
3.242969512939453
2.9458024501800537
2.5693390369415283
3.7685184478759766
2.111844778060913
2.639894485473633
4.299958229064941
1.9182829856872559
1.7820758819580078
2.7060649394989014
0.022267384454607964
2.6864705085754395
2.2154762744903564
3.137282133102417
2.591525077819824
4.222858905792236
3.7004809379577637
2.215329647064209
2.3535733222961426
2.4819424152374268
2.293703317642212
2.0966153144836426
2.134624719619751
4.753156661987305
1.2966814041137695
2.3216404914855957
4.736874580383301
2.040313243865967
2.0497238636016846
1.958587884902954
1.7710016965866089
2.37532901763916
1.5790778398513794
4.679900646209717
2.10514497756958
3.7861523628234863
2.5784265995025635
1.9646718502044678
2.6789937019348145
3.540485143661499
2.5381252765655518
2.239415168762207
2.326712131500244
2.341378927230835
2.3046839237213135
1.9006075859069824
1.8647981882095337
2.648165225982666
2.415728807449341
4.665730953216553
2.6793324947357178
2.52701473236084
2.6920108795166016
3.2599732875823975
2.73762583732605
3.5847606658935547
1.5358874797821045
4.296059608459473
2.183938980102539
2.532522439956665
1.4500906467437744
1.5910372734069824
2.804713010787964
3.677309036254883
2.8342108726501465
2.408059597015381
2.1711513996124268
1.23731529712677
2.504915237426758
2.205000400543213
1.249273419380188
2.6632978916168213
4.580601692199707
2.739403486251831
1.6694217920303345
2.5187606811523438
1.7897114753723145
2.096184492111206
2.2339699268341064
1.1910157203674316
2.8159942626953125
2.2729549407958984
2.042900562286377
1.2945098876953125
2.1551690101623535
2.485377073287964
2.5705814361572266
2.703104257583618
3.339797258377075
2.5916779041290283
1.5980405807495117
1.3155043125152588
1.9044817686080933
2.5701355934143066
2.2981631755828857
3.353591203689575
2.705554723739624
2.854153871536255
3.3065364360809326
1.835417628288269
2.5954809188842773
2.6620376110076904
2.7164409160614014
1.6847987174987793
2.8859784603118896
2.6859850883483887
2.2900638580322266
2.0075695514678955
1.92472243309021
2.812110185623169
2.3332860469818115
1.2473515272140503
2.5573110580444336
3.6022844314575195
2.319953441619873
2.2749993801116943
2.9385910034179688
2.1059722900390625
2.258894205093384
2.3835666179656982
2.3757574558258057
2.0660319328308105
1.9136896133422852
2.8379220962524414
2.034749984741211
2.557755708694458
2.899712324142456
2.0220022201538086
2.129596471786499
3.492431163787842
2.332874059677124
2.379338502883911
2.8757951259613037
2.497851848602295
2.589195966720581
2.298443555831909
2.4228713512420654
2.816012144088745
2.4516079425811768
4.4298930168151855
2.022700786590576
2.8272974491119385
2.245126962661743
1.8551539182662964
3.855224609375
2.2868165969848633
2.4966280460357666
1.983137607574463
2.710723638534546
1.389052152633667
4.037187576293945
2.3704771995544434
2.324838399887085
2.488809108734131
2.0551364421844482
1.7964329719543457
2.679642677307129
1.8110849857330322
2.7043228149414062
2.345167636871338
2.39213228225708
1.0090985298156738
2.382068395614624
2.896667003631592
2.023770809173584
2.013791084289551
2.7398431301116943
2.594468116760254
2.165245771408081
2.6528077125549316
2.4436042308807373
2.523167371749878
3.600402355194092
2.7325992584228516
2.409759998321533
2.430762767791748
2.809382915496826
2.676837205886841
2.543215274810791
2.693056583404541
4.374852657318115
0.6533223390579224
2.544856071472168
2.551079273223877
3.7054572105407715
1.75243079662323
2.2539215087890625
1.9559580087661743
2.705707550048828
2.358025074005127
1.4127224683761597
2.3902392387390137
2.543978452682495
2.4424164295196533
2.6788430213928223
2.5241410732269287
2.36403751373291
1.702885627746582
2.3160157203674316
2.5868079662323
2.9967901706695557
2.3439698219299316
2.718958616256714
2.204908847808838
4.597498893737793
2.218642473220825
1.8109978437423706
3.1807680130004883
1.7988574504852295
2.182044506072998
2.6831893920898438
2.0371553897857666
2.9279465675354004
1.7104953527450562
1.0815600156784058
2.7616894245147705
2.752075672149658
2.1425323486328125
2.700671911239624
2.789979934692383
2.354012966156006
1.4871264696121216
1.946600079536438
2.287447690963745
2.5815603733062744
1.5753607749938965
2.721245765686035
2.3721911907196045
2.178128957748413
1.7206906080245972
3.22402286529541
4.086641311645508
3.6392011642456055
2.1475937366485596
2.3509864807128906
2.6086795330047607
1.1414180994033813
2.298658847808838
1.7788785696029663
2.3226077556610107
2.4108760356903076
2.4879815578460693
4.026019096374512
1.6308372020721436
2.045966625213623
2.4494078159332275
2.4594714641571045
2.3468575477600098
3.561297655105591
2.6286685466766357
2.585536241531372
2.394407033920288
2.4869260787963867
3.9274091720581055
4.178966045379639
1.989692211151123
2.829059600830078
2.53478741645813
3.783720016479492
2.6156532764434814
1.9543464183807373
1.9507111310958862
2.754257917404175
1.8943589925765991
2.705894708633423
1.335392713546753
1.6889748573303223
3.5266380310058594
2.7417824268341064
2.021132230758667
2.215157985687256
2.5163941383361816
2.6075119972229004
3.66397762298584
2.860952854156494
2.113018751144409
1.623591661453247
2.5227928161621094
2.472321033477783
2.5966382026672363
1.3649195432662964
2.94766902923584
2.796867847442627
2.6772379875183105
2.286336660385132
1.9910218715667725
4.77339506149292
1.6717970371246338
2.537308692932129
2.314258098602295
2.6436445713043213
1.7907822132110596
3.63308048248291
2.098705530166626
2.391385793685913
2.6426351070404053
2.320547580718994
2.3479843139648438
2.4296178817749023
2.7710514068603516
2.3597400188446045
3.515500545501709
2.0312321186065674
2.668505907058716
3.0876951217651367
3.85245680809021
3.0242056846618652
2.851961135864258
2.5366690158843994
2.5828514099121094
3.010525941848755
2.4949116706848145
2.4752819538116455
2.4816172122955322
2.632229804992676
2.8964054584503174
3.093966007232666
2.832425832748413
2.589797019958496
2.441260576248169
2.5912551879882812
2.6638083457946777
2.8848166465759277
4.022087097167969
4.974041938781738
3.60387921333313
4.710174560546875
2.6323986053466797
3.81504487991333
2.888814926147461
2.7644095420837402
2.5508248805999756
4.163033485412598
4.906038761138916
4.62735652923584
2.5710370540618896
2.5219216346740723
2.7520813941955566
2.684206008911133
4.972019195556641
2.615861415863037
2.5611112117767334
4.830353736877441
3.232783317565918
2.7407493591308594
3.496955633163452
3.9313712120056152
3.556623935699463
2.8019487857818604
2.833723545074463
2.58756160736084
2.450676202774048
2.89372181892395
2.7381670475006104
4.64088249206543
2.5442841053009033
3.2019834518432617
3.362384796142578
2.313725709915161
4.11691427230835
2.5640571117401123
2.474757194519043
3.3986732959747314
4.950780391693115
4.965555667877197
3.5369679927825928
4.544093608856201
2.905884027481079
4.5247273445129395
4.395313739776611
4.761055946350098
2.855250358581543
3.0803003311157227
4.8517866134643555
4.073855400085449
4.4810380935668945
3.833735227584839
2.718329668045044
3.8628318309783936
3.0739212036132812
2.6863157749176025
2.718590259552002
4.21421480178833
3.859041929244995
2.826218605041504
3.3202996253967285
4.975541114807129
2.520047664642334
2.601767063140869
4.0125298500061035
4.689937114715576
2.611178398132324
4.936758041381836
2.8361053466796875
2.8372645378112793
2.6866648197174072
4.27219295501709
2.630826473236084
4.891873359680176
2.371250629425049
2.8300788402557373
2.5006306171417236
3.6735000610351562
4.956084728240967
4.1279520988464355
3.016915798187256
4.742239952087402
3.9650514125823975
4.796060085296631
3.99003005027771
3.7336323261260986
2.341403007507324
2.559013605117798
3.208817958831787
2.7274765968322754
4.582143306732178
2.6483724117279053
4.3424906730651855
2.8581924438476562
4.410367488861084
4.297021865844727
4.0306715965271
2.569287061691284
2.6620030403137207
2.9564201831817627
2.653592109680176
2.631427764892578
2.7579357624053955
2.7596426010131836
2.4534642696380615
3.333643674850464
2.6682791709899902
3.46950626373291
2.4932961463928223
4.384327411651611
2.969815492630005
4.31059455871582
2.583132028579712
3.0969953536987305
3.128269910812378
2.790637254714966
2.8630099296569824
2.388256311416626
4.113992214202881
4.961582183837891
4.320765972137451
2.8338816165924072
2.6591193675994873
3.2064385414123535
2.6401638984680176
2.3511438369750977
4.857048988342285
3.2584333419799805
2.8206875324249268
3.455587387084961
2.3942015171051025
2.9180355072021484
2.7912158966064453
4.969769477844238
2.4886248111724854
2.421839714050293
2.7822728157043457
4.928985595703125
3.9232633113861084
2.2621939182281494
2.8406264781951904
2.730022668838501
4.470102787017822
2.8625199794769287
4.50685977935791
2.332709789276123
2.755253314971924
2.6692535877227783
3.0133323669433594
2.6112282276153564
2.546623945236206
4.921590328216553
2.9580605030059814
4.415434837341309
4.880599498748779
4.31886100769043
3.5190978050231934
4.482635498046875
4.598085403442383
2.454887628555298
2.2896082401275635
2.648632049560547
4.017288684844971
3.6627492904663086
4.899560451507568
2.594658136367798
2.3059587478637695
3.6437342166900635
2.45198392868042
2.5755820274353027
2.476475715637207
2.555621862411499
3.0097570419311523
2.440190076828003
4.386387348175049
2.2727925777435303
4.858127593994141
2.890355110168457
3.89200496673584
2.5979180335998535
2.7257752418518066
2.56363582611084
2.8634822368621826
2.2740373611450195
2.5645551681518555
4.928614616394043
2.860429286956787
3.25514554977417
2.507298469543457
2.3706448078155518
2.465444564819336
4.948819160461426
2.7961878776550293
4.382423400878906
2.775355577468872
2.5465006828308105
4.704223155975342
4.6668381690979
2.5281927585601807
2.728679656982422
2.5844459533691406
3.0578956604003906
3.287780284881592
4.854513168334961
2.85720157623291
2.2919676303863525
2.76434326171875
4.852785587310791
4.676899433135986
3.7037441730499268
3.152348518371582
3.0962233543395996
4.9778923988342285
4.01481294631958
2.6743130683898926
4.639196872711182
2.58428692817688
4.048524856567383
2.4317662715911865
2.6405673027038574
2.0819144248962402
2.9509971141815186
2.6147353649139404
2.8498637676239014
2.531005382537842
2.677905797958374
3.2461681365966797
4.892244815826416
2.725902557373047
2.3475284576416016
2.9428043365478516
3.418787717819214
3.894314765930176
2.8096485137939453
2.101605176925659
3.2651267051696777
2.7348110675811768
2.306093215942383
3.70674991607666
2.594972610473633
2.4562385082244873
2.4034948348999023
2.4465749263763428
4.311922550201416
2.571070671081543
2.766197919845581
2.3260583877563477
2.235090732574463
4.040494918823242
2.066470146179199
2.112685441970825
3.7497105598449707
2.5984554290771484
3.3690123558044434
3.3619582653045654
2.4014506340026855
1.6252464056015015
3.903103828430176
1.806166648864746
2.331882953643799
2.4424595832824707
2.0788187980651855
2.4743666648864746
3.330629825592041
1.1760754585266113
2.3327760696411133
2.229796886444092
3.127208948135376
1.9199528694152832
2.0770297050476074
4.274324893951416
2.591871976852417
3.590400218963623
3.9327147006988525
2.5709304809570312
4.348373889923096
1.651998519897461
2.000476121902466
2.4459853172302246
3.509925603866577
3.740835666656494
1.7388579845428467
2.3314144611358643
2.001819372177124
4.910833835601807
2.443016529083252
2.481022834777832
3.2711238861083984
3.1799778938293457
4.005777359008789
2.847773551940918
2.229820728302002
4.32521390914917
2.226353883743286
2.6357624530792236
3.38002347946167
2.6015844345092773
1.450516700744629
2.4475345611572266
2.3768231868743896
2.4507968425750732
2.0723776817321777
2.2689778804779053
4.444393157958984
2.2017016410827637
3.403984308242798
2.8293025493621826
1.9613759517669678
3.797545909881592
3.7196719646453857
2.251903533935547
3.7340588569641113
3.8265440464019775
3.3329343795776367
3.9819729328155518
2.5312418937683105
3.2871265411376953
1.4440102577209473
2.8969268798828125
1.728162169456482
2.1763949394226074
4.094233989715576
1.4218169450759888
2.5110411643981934
2.3943448066711426
1.9272983074188232
1.8270360231399536
3.7539126873016357
1.992409110069275
3.896678924560547
1.910264253616333
2.024463653564453
4.613033771514893
1.9027258157730103
2.086162805557251
2.431917428970337
2.1656062602996826
1.7015337944030762
2.4106593132019043
2.5485572814941406
1.8533576726913452
3.0570390224456787
2.6866068840026855
2.3653509616851807
2.2331366539001465
4.318813800811768
2.493769645690918
2.305661201477051
4.213699817657471
2.2248895168304443
1.682515263557434
2.671099901199341
3.216416835784912
1.7702124118804932
3.3016655445098877
4.111959934234619
2.820345401763916
1.6591012477874756
2.1055612564086914
2.5462749004364014
3.4894280433654785
3.1269712448120117
2.615139961242676
2.2022852897644043
2.7970595359802246
2.251941204071045
2.2605128288269043
2.642794609069824
2.2697253227233887
2.2693355083465576
2.3491013050079346
3.8437917232513428
2.3990163803100586
2.7061712741851807
2.4628376960754395
1.2502751350402832
1.8573756217956543
1.4808754920959473
2.5210235118865967
2.243919610977173
1.8233075141906738
2.714783191680908
2.044126033782959
2.6124491691589355
3.276870012283325
2.245598077774048
1.2640440464019775
2.580296039581299
2.0620033740997314
2.02241849899292
2.0533013343811035
1.9950867891311646
3.675896644592285
2.1096739768981934
1.8399559259414673
4.932823657989502
3.7298214435577393
1.905839443206787
2.7280492782592773
2.531301498413086
3.9840025901794434
3.0086917877197266
2.4061954021453857
2.4171183109283447
2.3098971843719482
1.9009928703308105
2.555248498916626
3.374049663543701
3.167214870452881
1.1938228607177734
4.046929359436035
2.4074506759643555
2.815573215484619
1.987386703491211
2.8540871143341064
1.7808915376663208
2.6709964275360107
3.5686755180358887
1.3938446044921875
2.9172143936157227
1.6969311237335205
1.692664384841919
3.1964340209960938
2.881486415863037
3.418093681335449
2.1142282485961914
2.1761512756347656
2.1142547130584717
2.1871109008789062
2.5155720710754395
2.5843164920806885
2.6394989490509033
2.5869855880737305
3.555081844329834
2.4321742057800293
3.2192039489746094
4.4552083015441895
2.4679179191589355
2.9802722930908203
3.0513157844543457
3.730648994445801
1.8722810745239258
3.206137180328369
2.3836426734924316
2.60801362991333
2.0779998302459717
4.122167110443115
2.952151298522949
2.4078969955444336
2.492748260498047
2.7839243412017822
3.158679485321045
2.9356529712677
2.5907278060913086
2.045620918273926
1.6696332693099976
3.5390636920928955
4.147210597991943
2.697333812713623
2.542431592941284
2.374542236328125
2.21032452583313
2.41222882270813
2.400259256362915
2.505504608154297
2.3886117935180664
2.363290309906006
0.8637639284133911
2.5844850540161133
2.043365478515625
2.4052839279174805
2.0813753604888916
2.5301012992858887
2.5075623989105225
2.1852991580963135
3.576463460922241
2.6951236724853516
2.3730316162109375
