2.4525599479675293
4.348933696746826
2.990290880203247
2.1220452785491943
1.2507691383361816
0.7561981081962585
2.0604500770568848
0.9774582386016846
2.0679192543029785
0.6466138958930969
0.7060092091560364
2.898747682571411
0.559909999370575
2.802865743637085
1.8743311166763306
0.8370080590248108
2.622174024581909
2.9865951538085938
1.0247416496276855
0.9670860171318054
1.239959478378296
1.7293932437896729
2.354135751724243
2.091137647628784
1.292391300201416
0.8295384049415588
1.0781614780426025
1.387355089187622
0.7290851473808289
3.09989595413208
1.5679526329040527
2.698728561401367
1.4087092876434326
1.9293261766433716
2.0913596153259277
0.2789359986782074
1.0677320957183838
2.0364456176757812
1.8557918071746826
0.7099104523658752
3.590074062347412
2.3983724117279053
2.691802740097046
0.8611932992935181
1.6361750364303589
1.0891714096069336
0.7108047604560852
1.6313331127166748
2.168126344680786
1.1227108240127563
0.5205784440040588
0.6827033162117004
1.0932235717773438
1.409335732460022
0.6957221031188965
0.6333515048027039
2.5307722091674805
1.0078918933868408
0.8604665994644165
2.1930394172668457
2.294813394546509
0.7244694232940674
1.7418062686920166
1.6619527339935303
1.6317087411880493
1.1830456256866455
1.2975497245788574
1.9954514503479004
0.4218943119049072
1.873482346534729
1.361907958984375
1.7524693012237549
1.4161241054534912
0.9444722533226013
2.4593539237976074
1.1640698909759521
1.3666472434997559
1.8233965635299683
2.8456835746765137
1.211296558380127
1.2878072261810303
0.896923840045929
1.3148012161254883
2.3660800457000732
1.190334677696228
1.496740698814392
2.1501266956329346
2.2023863792419434
2.7501912117004395
0.9402165412902832
3.254232168197632
1.4026849269866943
0.9419583678245544
1.92031729221344
2.1288602352142334
0.9323519468307495
1.4562816619873047
0.35725146532058716
1.476813554763794
1.723368763923645
0.8970486521720886
1.865559697151184
2.38637638092041
0.908135712146759
1.7872451543807983
0.8045185804367065
0.8075510859489441
1.2346290349960327
1.874305009841919
1.4098190069198608
2.2098567485809326
1.3342087268829346
2.337695360183716
1.8446900844573975
1.6889145374298096
1.2080860137939453
2.4158577919006348
0.9302553534507751
1.6401240825653076
2.0047359466552734
1.9857919216156006
1.8665249347686768
1.204447865486145
1.637459397315979
1.320986032485962
3.2562568187713623
0.23784814774990082
2.1834561824798584
2.1402363777160645
2.5169050693511963
1.4764490127563477
2.3739335536956787
2.566068172454834
3.5761606693267822
1.7296924591064453
2.4419822692871094
2.476231813430786
2.5595264434814453
1.1496254205703735
3.9592907428741455
3.1379871368408203
3.88045334815979
1.5573663711547852
3.8053691387176514
1.2940007448196411
0.5456490516662598
4.178014755249023
2.261706590652466
0.8450921773910522
0.8714498281478882
1.4473110437393188
1.6425288915634155
1.3253934383392334
1.2860482931137085
2.084949016571045
1.4153337478637695
1.1009583473205566
0.6515913009643555
1.2863661050796509
0.6322098970413208
1.7018376588821411
1.9894766807556152
2.0174801349639893
1.6856826543807983
1.5784186124801636
3.7047557830810547
1.691384196281433
2.0695090293884277
1.6911749839782715
3.3084168434143066
0.8889537453651428
1.0872526168823242
2.1973154544830322
2.5942792892456055
1.3587274551391602
2.8295657634735107
2.0830917358398438
3.441988229751587
0.588625431060791
0.6417191624641418
0.6861226558685303
1.5559422969818115
1.3615953922271729
1.7543535232543945
2.1218764781951904
1.0140148401260376
1.1642234325408936
2.8169631958007812
1.512614369392395
1.1310352087020874
1.3489642143249512
1.1199955940246582
1.2292320728302002
1.0274144411087036
2.150357246398926
2.208158493041992
2.2258567810058594
1.7236576080322266
0.9872641563415527
1.935038685798645
1.2683043479919434
1.2688136100769043
2.070824384689331
1.1771366596221924
1.3357841968536377
0.9071640968322754
2.56034517288208
2.1378698348999023
1.0015296936035156
2.150311231613159
1.2360663414001465
1.537548542022705
1.770830750465393
1.1650093793869019
1.730514645576477
1.4020683765411377
1.504436731338501
2.8225913047790527
1.4471060037612915
3.2323644161224365
1.0146095752716064
1.1149296760559082
1.7966831922531128
2.9242749214172363
2.098681926727295
1.5023137331008911
2.0854146480560303
2.228057622909546
0.7543836832046509
0.9523489475250244
1.7106173038482666
0.6924278736114502
2.7883193492889404
1.8284839391708374
1.5048959255218506
1.7240409851074219
1.6383476257324219
0.5983597040176392
1.9336950778961182
1.7027360200881958
1.5110085010528564
1.4003791809082031
1.041088342666626
1.5542470216751099
1.475705623626709
2.1096811294555664
1.96006441116333
2.201256513595581
1.3774774074554443
1.6112914085388184
2.081153154373169
2.7756431102752686
1.8697030544281006
2.970940113067627
1.6928157806396484
2.484466552734375
1.6255159378051758
2.0708439350128174
1.2203304767608643
1.3154184818267822
2.5783493518829346
2.330420970916748
3.082335948944092
2.4810006618499756
1.7402644157409668
1.3140053749084473
2.1175930500030518
2.650407552719116
3.118089199066162
2.049041748046875
3.1346046924591064
1.1880007982254028
1.6269307136535645
2.128302574157715
3.329799175262451
2.0880939960479736
1.0046530961990356
1.4760992527008057
1.8404699563980103
2.191023826599121
1.8714447021484375
2.91823673248291
3.5127768516540527
1.7701412439346313
2.5395166873931885
2.298468828201294
2.1268539428710938
3.5558998584747314
3.3972933292388916
3.624671459197998
2.8669447898864746
1.5119093656539917
1.8902513980865479
2.281994342803955
2.3159444332122803
3.17214298248291
1.8476088047027588
1.8402271270751953
0.9922527074813843
0.9867673516273499
3.0091335773468018
1.9867783784866333
2.015192747116089
2.579373836517334
1.1665623188018799
2.011009693145752
3.111922264099121
3.310368061065674
2.0206878185272217
3.6015079021453857
1.1971403360366821
2.3593955039978027
3.830212116241455
1.6961307525634766
2.5601558685302734
3.368147611618042
1.090793251991272
2.5305709838867188
1.91608726978302
1.6363157033920288
2.3871467113494873
2.139634132385254
3.578728437423706
1.8774864673614502
2.053579330444336
2.369203805923462
2.8719897270202637
2.293951988220215
2.139477491378784
3.6040492057800293
1.1960188150405884
1.470483422279358
1.0192958116531372
4.046655178070068
1.690600037574768
3.679354429244995
2.217843770980835
4.17938232421875
1.6921074390411377
1.4595340490341187
2.2377195358276367
2.668788194656372
2.779637336730957
3.0551795959472656
1.867948055267334
2.6923794746398926
2.187628984451294
3.334977865219116
2.1005795001983643
1.9296830892562866
1.7001246213912964
1.5555698871612549
1.9544790983200073
3.3712949752807617
1.9978735446929932
3.60799503326416
2.4876060485839844
1.3860939741134644
1.9974884986877441
1.9565861225128174
1.9445116519927979
3.044600009918213
1.806684970855713
2.7332587242126465
3.8150830268859863
2.223198890686035
1.2345367670059204
1.5209178924560547
2.042465925216675
3.369290828704834
1.9043992757797241
3.1506564617156982
1.7002134323120117
1.3191205263137817
1.3327003717422485
3.106476306915283
2.0204803943634033
1.559985876083374
2.0804269313812256
1.2219409942626953
3.9109902381896973
1.9557805061340332
2.4035801887512207
3.7331748008728027
1.5323221683502197
1.84674072265625
2.371321678161621
2.074329376220703
3.235464334487915
2.4132962226867676
2.154111862182617
2.404148817062378
1.6443443298339844
3.2519853115081787
1.5108691453933716
2.432187080383301
4.013664722442627
2.831228733062744
3.1243600845336914
2.1906559467315674
1.0899449586868286
1.3842353820800781
2.928205728530884
3.056936502456665
2.0075736045837402
3.317880153656006
2.0311875343322754
2.1591176986694336
1.7553651332855225
1.8739323616027832
1.4410227537155151
1.7462719678878784
1.4735774993896484
4.601154804229736
2.315047025680542
2.4631950855255127
1.7445244789123535
2.991892099380493
2.1380064487457275
4.423347473144531
2.3790857791900635
2.1373379230499268
2.104034423828125
2.079770088195801
1.5108789205551147
1.9982850551605225
1.9364089965820312
3.192842960357666
2.0711936950683594
1.3666331768035889
2.0465383529663086
2.1089670658111572
1.8499432802200317
1.8065745830535889
1.9762542247772217
1.2835036516189575
2.3687193393707275
3.1480071544647217
2.6377594470977783
1.951145052909851
1.9122685194015503
3.6334524154663086
1.49749755859375
2.3039934635162354
2.041928291320801
1.504128098487854
2.285874843597412
3.0251286029815674
1.5968799591064453
1.6926467418670654
2.73032808303833
2.7654764652252197
1.7815302610397339
1.5988025665283203
3.1749022006988525
1.4300012588500977
3.0188682079315186
2.1479294300079346
1.6286910772323608
2.183018684387207
2.1035759449005127
1.0493205785751343
1.9157267808914185
1.4997400045394897
2.2124342918395996
3.2473888397216797
1.438642144203186
2.0477187633514404
2.891401767730713
2.2832436561584473
1.220154047012329
1.7698843479156494
0.872694730758667
1.5901484489440918
2.5220515727996826
2.3415071964263916
1.6751041412353516
1.9772690534591675
3.462026596069336
1.7130126953125
1.882272720336914
1.3417866230010986
2.30220890045166
1.6502115726470947
4.7870707511901855
0.8301028609275818
3.065765857696533
2.681204319000244
1.1559112071990967
0.949062168598175
1.8218976259231567
2.6666603088378906
3.488377332687378
1.7835195064544678
2.1062347888946533
2.1923463344573975
2.5035858154296875
3.5986831188201904
2.099388599395752
1.9767223596572876
2.477818727493286
1.0618103742599487
1.7798255681991577
1.31504487991333
1.708951473236084
1.9291478395462036
2.0790576934814453
1.9199135303497314
1.8302569389343262
2.0793371200561523
1.8853737115859985
0.7927422523498535
0.3492998480796814
1.8408150672912598
1.7475852966308594
1.7846672534942627
3.2100462913513184
2.2710182666778564
2.0555408000946045
1.622986912727356
2.1036787033081055
1.8107678890228271
2.6996123790740967
1.7085130214691162
3.1763112545013428
2.025521755218506
1.0049189329147339
2.0568556785583496
0.9427990913391113
1.8453264236450195
2.458881139755249
1.6124159097671509
2.279700994491577
0.9392860531806946
1.760145902633667
2.089033365249634
1.7723363637924194
1.960615634918213
1.9152826070785522
1.9877598285675049
2.3508505821228027
1.1902859210968018
2.0271072387695312
1.7419136762619019
1.8985353708267212
2.6699423789978027
2.264352560043335
2.194545269012451
1.63520085811615
1.2953999042510986
3.484487533569336
1.9132964611053467
1.127903938293457
1.4758347272872925
2.330064058303833
1.7004011869430542
1.3699939250946045
1.9969485998153687
0.8916299343109131
1.81773042678833
0.9584724307060242
1.8305206298828125
1.7888662815093994
1.8929035663604736
2.5250377655029297
1.8504761457443237
1.1273961067199707
1.8818254470825195
2.2192089557647705
1.1537457704544067
1.7482259273529053
1.1200159788131714
1.524547815322876
2.785511016845703
2.7325499057769775
1.1305272579193115
2.421506881713867
2.0864405632019043
1.918505311012268
2.993447780609131
2.2038416862487793
1.505014181137085
4.0768256187438965
0.9553632140159607
1.4565509557724
2.168016195297241
0.012826545163989067
1.6745270490646362
1.3297290802001953
2.859199285507202
1.8854966163635254
2.3346147537231445
2.42096209526062
1.9312034845352173
2.138139009475708
1.9156402349472046
1.7130317687988281
1.6803604364395142
0.9361772537231445
3.618428945541382
1.8101446628570557
1.9345054626464844
3.823361873626709
1.6016755104064941
1.7045761346817017
1.6095774173736572
1.352806568145752
1.950057029724121
1.2767233848571777
3.3512985706329346
1.7168532609939575
3.2741966247558594
1.9811517000198364
1.929916262626648
3.008347511291504
2.3745813369750977
1.8789703845977783
0.9879447221755981
1.7649757862091064
1.6290552616119385
2.167217969894409
2.508012294769287
2.0798511505126953
2.179246664047241
1.8377416133880615
4.6156158447265625
2.0948705673217773
2.0995395183563232
2.320831537246704
3.13981556892395
2.2621002197265625
2.423030376434326
1.1390734910964966
3.944514036178589
1.4619605541229248
2.2357687950134277
1.3799275159835815
0.9360020160675049
2.0320260524749756
2.495483875274658
2.305257558822632
1.7321234941482544
2.0204877853393555
0.9374872446060181
1.6439868211746216
2.686100482940674
1.2229933738708496
1.7811641693115234
3.4133448600769043
2.8901634216308594
1.407119631767273
1.7369168996810913
2.2339372634887695
1.396071434020996
2.0045738220214844
0.8406176567077637
2.8440749645233154
1.724491834640503
0.9086195230484009
1.1671479940414429
1.5385431051254272
2.053579807281494
2.207606554031372
2.394619941711426
0.9549064040184021
2.306450366973877
1.4281572103500366
0.6548490524291992
1.2842296361923218
1.9516172409057617
2.246725559234619
2.4550585746765137
2.1323091983795166
1.3730506896972656
1.9572973251342773
1.242797613143921
2.6004397869110107
1.9118846654891968
2.3657145500183105
0.7844120264053345
2.793729782104492
1.9765381813049316
2.466381549835205
1.2381821870803833
1.5921980142593384
1.9073529243469238
1.239217758178711
0.8928090333938599
2.4680087566375732
2.9074087142944336
1.6966028213500977
2.443068504333496
2.5774149894714355
1.4106959104537964
1.9249331951141357
2.101402759552002
1.6281580924987793
1.9582643508911133
0.9563671946525574
3.1748807430267334
1.4008992910385132
1.8428492546081543
1.6621345281600952
1.6146535873413086
1.3249530792236328
3.1644539833068848
1.3500577211380005
2.6044068336486816
2.638890266418457
1.831716775894165
1.9196747541427612
1.2847063541412354
2.0748302936553955
2.444697856903076
2.0462403297424316
3.0249223709106445
1.9742469787597656
2.1409645080566406
2.2849714756011963
1.8428642749786377
2.5693235397338867
2.312391757965088
1.8524991273880005
0.913243293762207
1.9090975522994995
2.0919063091278076
2.4580185413360596
1.5712897777557373
2.2907323837280273
2.171741008758545
2.2951316833496094
1.7320470809936523
1.5809499025344849
1.3849109411239624
2.148576259613037
2.0213420391082764
2.0460128784179688
1.1414732933044434
1.7960988283157349
1.0873490571975708
1.4978123903274536
1.5613505840301514
2.4021174907684326
2.5207715034484863
1.8799004554748535
2.110447645187378
1.4998579025268555
1.4296677112579346
2.2523436546325684
1.4850414991378784
1.9729536771774292
1.8835508823394775
2.3713419437408447
2.5221996307373047
1.8849290609359741
1.912246823310852
3.0020647048950195
1.1872036457061768
2.017956256866455
1.5761439800262451
1.9815688133239746
1.0579392910003662
1.922105312347412
1.7011332511901855
2.3969130516052246
1.9229227304458618
1.4734382629394531
2.0898170471191406
2.414616346359253
1.9041454792022705
2.0897281169891357
2.475656509399414
1.6651332378387451
1.4534521102905273
1.964017391204834
2.348592758178711
2.3711726665496826
1.2037662267684937
2.362081527709961
1.9984148740768433
3.942272663116455
2.0777699947357178
1.124949336051941
1.8505399227142334
1.5450310707092285
1.9261926412582397
2.019012451171875
1.3954389095306396
1.8571823835372925
1.5754848718643188
0.9942192435264587
2.222569227218628
2.021880626678467
2.5230860710144043
1.6163206100463867
2.245539665222168
2.4288830757141113
0.8330165147781372
1.6155710220336914
1.48807954788208
2.4079716205596924
1.4615185260772705
1.922802209854126
0.8849111795425415
2.1987576484680176
0.9157795310020447
2.644500255584717
3.7535810470581055
2.9851455688476562
1.9700450897216797
1.928289532661438
2.2033138275146484
1.1437687873840332
1.019295334815979
1.2504719495773315
1.736496925354004
1.6958314180374146
1.8780465126037598
3.069201707839966
1.549037218093872
2.0109689235687256
2.2245500087738037
1.1631511449813843
1.9870367050170898
2.898348331451416
2.44114351272583
2.742135763168335
2.1784451007843018
1.7206625938415527
3.5434281826019287
3.850952386856079
1.0182358026504517
2.120985746383667
1.718755841255188
2.6473166942596436
1.4815248250961304
0.9922218918800354
1.601626992225647
2.4959473609924316
2.1695244312286377
2.316739559173584
0.6916017532348633
1.8444795608520508
3.83575701713562
2.586386203765869
1.385880708694458
2.3496100902557373
2.221583366394043
2.1217803955078125
2.8113081455230713
2.8624024391174316
1.5832055807113647
0.9058672189712524
2.5396320819854736
2.813558340072632
2.02805757522583
1.5121160745620728
2.199568510055542
2.007469654083252
2.0316543579101562
1.880833625793457
0.7308816909790039
3.9958152770996094
2.125910758972168
2.1413228511810303
2.1756956577301025
2.6042861938476562
2.107929229736328
2.2197084426879883
1.9845924377441406
2.151458263397217
1.5617997646331787
2.286376476287842
2.5503017902374268
1.6934937238693237
1.4146711826324463
1.900120735168457
3.423675060272217
1.2700343132019043
2.20337176322937
2.7361998558044434
3.817455768585205
2.675354242324829
2.8192625045776367
2.5597188472747803
2.452960968017578
2.322054386138916
2.215533494949341
2.597820520401001
2.2724740505218506
2.3763229846954346
3.062554359436035
2.482898235321045
2.5972461700439453
2.199418783187866
1.9968606233596802
2.654916763305664
2.0959150791168213
2.6106607913970947
3.3964779376983643
4.637468338012695
3.276454210281372
4.024896144866943
2.5926554203033447
3.6094202995300293
2.107135772705078
2.519404649734497
1.8875044584274292
3.5209155082702637
4.725518703460693
4.557328224182129
2.5818002223968506
1.8055652379989624
2.0773532390594482
2.2129268646240234
4.587586879730225
1.8482143878936768
2.37923002243042
4.058228969573975
2.681462526321411
2.0216176509857178
3.0952117443084717
3.2655887603759766
3.4734249114990234
2.276353597640991
2.0761184692382812
2.1556997299194336
2.4015002250671387
2.5937321186065674
2.5737664699554443
3.3010473251342773
2.3931286334991455
2.8883731365203857
2.709075927734375
2.281578302383423
3.889657974243164
1.7036939859390259
2.092297077178955
3.1602091789245605
4.7039594650268555
4.955740451812744
2.5245509147644043
4.1534037590026855
3.085386276245117
4.241415500640869
3.4251327514648438
4.4971442222595215
2.423948049545288
2.940319538116455
4.484853267669678
3.7745401859283447
2.5093042850494385
3.4608747959136963
2.290813446044922
3.8783092498779297
2.4462902545928955
2.1725711822509766
1.9370486736297607
4.130650043487549
3.3194901943206787
2.266343832015991
2.7291975021362305
4.839247703552246
1.7023600339889526
1.929248332977295
3.1340017318725586
4.374645709991455
2.0362935066223145
4.250835418701172
1.8217802047729492
2.4422504901885986
2.1362175941467285
3.983788251876831
2.530641555786133
4.616003036499023
2.0482990741729736
2.1143057346343994
2.407951831817627
3.039475917816162
4.515664100646973
3.218967914581299
2.6194534301757812
3.8570728302001953
3.3658740520477295
4.649870872497559
3.5179648399353027
3.8400461673736572
1.5823949575424194
2.303253173828125
2.6371560096740723
2.4061620235443115
4.209542751312256
2.4664742946624756
4.277903079986572
2.4256036281585693
4.349259853363037
3.8044047355651855
3.550560474395752
2.5253891944885254
2.346745014190674
2.314953565597534
2.67154598236084
2.4416699409484863
2.332974910736084
2.7145566940307617
2.3186681270599365
2.852972984313965
2.084646701812744
2.821286678314209
2.580636978149414
3.1991801261901855
2.2625045776367188
4.192928791046143
1.8569698333740234
2.79384708404541
2.1043810844421387
1.9695712327957153
2.1747777462005615
2.2613654136657715
3.7989230155944824
4.626391887664795
3.8150393962860107
1.9621847867965698
2.368919610977173
2.596400737762451
1.987437129020691
1.9714235067367554
3.954371452331543
2.906723976135254
2.3439905643463135
3.1513476371765137
1.2743514776229858
2.9838345050811768
2.3076534271240234
4.657210826873779
2.1681652069091797
2.2303969860076904
2.4730520248413086
4.58256196975708
3.735877275466919
1.535902500152588
2.2302863597869873
2.379124164581299
4.127161979675293
2.7246439456939697
2.877629280090332
2.086047887802124
2.6317129135131836
2.262768507003784
2.8783884048461914
2.067105770111084
2.3630430698394775
4.750802040100098
2.362229585647583
4.21859884262085
4.260922431945801
3.7181379795074463
2.7064857482910156
4.474817276000977
4.130667686462402
2.602442741394043
1.7011005878448486
1.696962594985962
3.702428102493286
3.263180732727051
4.5384063720703125
2.2857186794281006
1.5985159873962402
3.162538528442383
1.792624592781067
2.051785469055176
1.802840232849121
1.8913573026657104
2.599635362625122
1.947490930557251
3.384174108505249
1.9001991748809814
4.434024810791016
2.4314794540405273
3.309333086013794
2.17576003074646
2.462324380874634
2.1337082386016846
2.085594654083252
2.309030532836914
2.361497163772583
4.69834566116333
2.048151731491089
1.5239208936691284
2.2713167667388916
1.8069360256195068
1.877274513244629
4.523273468017578
2.266312599182129
4.101432800292969
1.7162799835205078
2.161073923110962
4.561690807342529
4.225981712341309
2.297783851623535
2.224590301513672
2.4970691204071045
2.7132985591888428
2.899566650390625
4.805322647094727
2.7534947395324707
2.177935838699341
2.46400785446167
4.625889778137207
4.496576309204102
3.15979266166687
2.5827250480651855
2.7459912300109863
4.867004871368408
3.8583016395568848
2.1937451362609863
4.557070732116699
2.3255043029785156
3.176029682159424
2.1029210090637207
2.62913179397583
1.920166254043579
2.4051270484924316
2.3168139457702637
1.9394826889038086
2.518864631652832
2.5108370780944824
3.080059289932251
4.767370700836182
1.872466802597046
1.92641019821167
2.8253414630889893
3.7138164043426514
3.1031582355499268
1.828094244003296
1.6111189126968384
2.612825632095337
2.419755220413208
1.6457253694534302
2.4002058506011963
2.075761318206787
1.8036527633666992
1.9747995138168335
2.1002862453460693
3.764573574066162
1.8558228015899658
1.6057047843933105
2.173255443572998
2.10920786857605
2.4892029762268066
1.2789556980133057
1.3271291255950928
2.7358016967773438
2.3672964572906494
3.0572166442871094
2.4494690895080566
1.6805245876312256
1.0454134941101074
1.8686531782150269
1.5176384449005127
2.13867449760437
2.021245002746582
1.7266308069229126
2.5477523803710938
2.2944326400756836
1.1483083963394165
1.9629435539245605
1.9472191333770752
3.0143048763275146
1.6618578433990479
1.8531928062438965
2.898653507232666
2.3722689151763916
2.533285617828369
3.236393451690674
2.548386573791504
3.700742244720459
1.2443829774856567
1.2658493518829346
1.9682495594024658
2.8869009017944336
3.8797950744628906
1.8948898315429688
1.8442740440368652
0.8949480056762695
4.31614875793457
2.1465260982513428
2.0978341102600098
1.785083532333374
2.517194986343384
2.5018036365509033
1.3077278137207031
2.7571463584899902
3.201807975769043
1.9418264627456665
2.237456798553467
3.1392180919647217
2.486793279647827
1.7636710405349731
1.5577501058578491
2.256547689437866
1.1834044456481934
1.4634084701538086
1.6476188898086548
3.9147768020629883
1.3815027475357056
2.1547627449035645
1.824824333190918
1.896117925643921
2.891702175140381
2.812591075897217
1.36984121799469
3.056436538696289
2.5522069931030273
2.332632303237915
2.8393938541412354
2.5987610816955566
2.734102964401245
1.2588005065917969
1.6525232791900635
1.2294089794158936
1.6480480432510376
3.2923004627227783
1.8634151220321655
2.104358196258545
1.7230517864227295
2.165433645248413
1.7772568464279175
2.6667940616607666
1.6702519655227661
2.2568633556365967
1.7281829118728638
1.6486332416534424
3.2165095806121826
1.8128294944763184
1.244576096534729
1.962773323059082
1.4392783641815186
1.1464340686798096
1.626670241355896
2.0393357276916504
1.427506923675537
2.2818822860717773
1.5732905864715576
1.4724730253219604
1.6196539402008057
3.8763275146484375
2.610745906829834
2.3179526329040527
2.797628879547119
2.680419921875
1.2620378732681274
2.8803884983062744
1.942740797996521
1.6119706630706787
2.121828317642212
2.282188892364502
2.1074042320251465
1.02926504611969
1.654046654701233
1.9855053424835205
1.510018229484558
4.096927642822266
1.3461976051330566
1.9054471254348755
2.8179664611816406
2.3135433197021484
1.4346261024475098
1.627677083015442
1.6885950565338135
2.1748886108398438
1.936366319656372
2.2174623012542725
2.3702094554901123
1.7476767301559448
1.5880100727081299
0.971088171005249
1.303675889968872
1.9645214080810547
2.120649576187134
1.794327735900879
1.263045072555542
2.2815067768096924
0.9473073482513428
2.1138195991516113
3.8016715049743652
2.105729818344116
1.252691626548767
1.9820599555969238
1.4849735498428345
1.165014386177063
2.7952237129211426
1.8017739057540894
3.325381278991699
1.435468077659607
1.005428433418274
4.868857383728027
3.639216899871826
1.8618290424346924
2.4586069583892822
2.3058688640594482
3.7240097522735596
3.4686434268951416
1.7158546447753906
2.1078972816467285
1.666536569595337
1.9818931818008423
1.7750520706176758
3.2118067741394043
2.9745194911956787
1.445685625076294
2.5217199325561523
1.9188629388809204
2.505239486694336
1.4931446313858032
2.124206066131592
1.3622653484344482
2.0034008026123047
2.954810857772827
1.4663808345794678
2.754099130630493
1.4149929285049438
1.8359858989715576
2.2697744369506836
2.581080436706543
2.624065399169922
1.479299783706665
1.4268121719360352
1.9204142093658447
1.4945695400238037
1.1901555061340332
1.8971061706542969
1.8506098985671997
2.567134380340576
3.3875651359558105
1.95048189163208
3.0718305110931396
3.929298162460327
1.913244605064392
2.453078269958496
2.1826586723327637
3.108736276626587
1.0934685468673706
2.4904189109802246
1.5104451179504395
1.7626227140426636
1.5387415885925293
3.4374465942382812
1.8364510536193848
1.2334967851638794
1.8076847791671753
2.4816057682037354
2.9022340774536133
2.4349052906036377
1.8118534088134766
1.3718655109405518
0.9821110367774963
2.6060667037963867
2.639594554901123
1.994737148284912
1.6202876567840576
1.7701199054718018
1.5502605438232422
1.5147547721862793
2.2765092849731445
2.1939401626586914
2.3799734115600586
2.2629716396331787
0.9423553347587585
2.0539803504943848
1.8604289293289185
1.995934009552002
1.7813653945922852
1.5815093517303467
1.641126275062561
1.0560173988342285
3.2175374031066895
1.9236665964126587
1.8401521444320679
