2.4980130195617676
4.488786697387695
4.2259697914123535
3.2251343727111816
2.169827461242676
2.0787696838378906
3.361361503601074
1.763588309288025
3.50600266456604
2.105607748031616
1.9167201519012451
3.816457748413086
1.133378505706787
3.5092403888702393
1.7261232137680054
1.7247412204742432
2.796776056289673
3.458845376968384
2.329958915710449
1.2505887746810913
2.210831642150879
0.5437930822372437
2.3373537063598633
3.305164337158203
1.7569125890731812
1.9467854499816895
1.3890935182571411
1.1886192560195923
1.1826051473617554
4.308998107910156
2.3453948497772217
3.610344886779785
1.5873608589172363
2.211578130722046
3.0143449306488037
0.42572903633117676
1.7272530794143677
2.401451349258423
2.090986967086792
1.0757352113723755
3.943631410598755
3.4667763710021973
3.098783493041992
0.7807021141052246
1.993725061416626
1.0003207921981812
0.673125147819519
0.6740820407867432
2.783290147781372
2.8639893531799316
0.4712704122066498
1.5275330543518066
1.1471229791641235
0.4753704071044922
1.5742051601409912
1.1680532693862915
3.2711009979248047
0.8950084447860718
1.9196598529815674
3.124641180038452
3.9917004108428955
1.0365540981292725
2.037517786026001
1.834477186203003
2.92960524559021
0.7429664134979248
1.1989244222640991
2.7339963912963867
0.3701900839805603
2.3614203929901123
1.9773776531219482
2.08685564994812
2.543804168701172
1.6751840114593506
2.968026638031006
1.096552848815918
0.8776717782020569
0.6922492384910583
3.0509426593780518
3.3852529525756836
1.0645631551742554
1.0262668132781982
2.0809061527252197
2.7017548084259033
0.6964908838272095
1.3536198139190674
2.013061285018921
2.9444479942321777
3.211055278778076
1.4511165618896484
1.5152196884155273
1.883384108543396
3.133495807647705
2.3164889812469482
2.125582456588745
0.8816648125648499
1.8809027671813965
1.2053202390670776
2.4418725967407227
0.7177439332008362
1.5720665454864502
2.4693329334259033
3.852095603942871
1.5980441570281982
2.1272270679473877
1.820319652557373
0.29875245690345764
1.5200752019882202
3.050741672515869
1.4554884433746338
2.590170383453369
1.8935012817382812
2.302039623260498
2.56994366645813
1.125566005706787
0.8734561204910278
3.230447292327881
1.9340955018997192
1.6182708740234375
1.3850606679916382
1.6273999214172363
0.8434402942657471
0.7495861649513245
1.7207143306732178
0.7606123685836792
3.4780075550079346
0.398964524269104
3.9512298107147217
3.817013740539551
2.7919533252716064
3.015798568725586
4.116057395935059
3.675201177597046
4.415346622467041
3.979107141494751
3.216459274291992
3.5631909370422363
2.7708230018615723
1.877835750579834
3.809297561645508
3.2080044746398926
3.52522611618042
1.8082354068756104
4.367091655731201
1.3635082244873047
1.4217166900634766
3.2512567043304443
3.5900137424468994
1.8039249181747437
1.5720102787017822
1.9082756042480469
1.7829002141952515
2.2742135524749756
2.345895290374756
2.714796304702759
3.993779182434082
0.47996804118156433
2.0962533950805664
3.107621669769287
1.0181738138198853
3.8122594356536865
3.9953417778015137
2.1732304096221924
2.3232598304748535
2.09232759475708
3.5675125122070312
2.830105781555176
3.1130824089050293
2.996549129486084
2.8927173614501953
2.1544148921966553
1.5046526193618774
2.3908278942108154
2.7286627292633057
3.092381000518799
3.679781198501587
2.5515377521514893
3.0484509468078613
0.3894093930721283
0.6068629026412964
0.7807837724685669
2.0163655281066895
1.334604024887085
1.0995683670043945
2.1849026679992676
0.48277947306632996
1.8483573198318481
1.215705156326294
2.6983001232147217
0.6083319187164307
2.8326730728149414
1.709742784500122
1.6077818870544434
3.2324166297912598
2.014610528945923
2.1773717403411865
2.5007033348083496
2.111412763595581
0.41100645065307617
1.4936954975128174
0.6726452708244324
1.4466105699539185
1.2210530042648315
0.7453277111053467
0.9927438497543335
1.2863130569458008
2.446294069290161
0.40499958395957947
1.628075361251831
1.8162966966629028
1.3250757455825806
1.7984915971755981
1.1072171926498413
2.5400705337524414
1.5611506700515747
1.4714713096618652
2.017698287963867
2.967163324356079
2.4528918266296387
3.66546368598938
0.5090033411979675
0.5667997002601624
1.7501404285430908
3.607816457748413
1.5300064086914062
1.5394796133041382
1.8647955656051636
1.6184778213500977
1.4054657220840454
1.91221022605896
2.3943958282470703
0.5793566703796387
4.053073406219482
2.0629916191101074
3.099274158477783
1.4739311933517456
0.6635650992393494
1.0878413915634155
1.3585474491119385
0.6830739378929138
0.8417675495147705
0.9655251502990723
1.5752004384994507
1.2578058242797852
1.7159416675567627
1.0138890743255615
1.374206304550171
2.0093374252319336
0.9486572742462158
1.6529273986816406
3.661799907684326
2.9357800483703613
2.34944486618042
3.160759449005127
2.885711431503296
2.81465744972229
1.7973344326019287
2.325207233428955
2.04935359954834
1.7691609859466553
3.6068549156188965
2.499197244644165
3.9563262462615967
2.939255475997925
2.395561695098877
1.8408440351486206
2.320308208465576
3.0893077850341797
3.288113594055176
2.8630714416503906
2.730343818664551
0.9112864136695862
1.5188398361206055
1.7112575769424438
4.181284427642822
4.36475944519043
0.6230483055114746
2.176422357559204
1.7091236114501953
2.33827543258667
1.540992259979248
3.416288375854492
3.598829746246338
2.5067830085754395
2.1445517539978027
3.300255537033081
1.9197783470153809
3.4791111946105957
4.302088737487793
1.1902413368225098
2.9429969787597656
1.5307201147079468
1.757293939590454
4.107295036315918
2.3280868530273438
1.3417869806289673
1.250173568725586
2.9302194118499756
2.380995512008667
2.4704768657684326
3.4927966594696045
2.9119598865509033
3.628812313079834
3.7156012058258057
1.6054449081420898
2.885941982269287
3.928898334503174
3.048642873764038
2.8429653644561768
3.43605899810791
1.2408696413040161
1.6996954679489136
3.1445744037628174
2.330643653869629
1.8768895864486694
3.777301073074341
1.5512043237686157
3.0963852405548096
1.4126224517822266
1.4116237163543701
3.290165662765503
2.1503806114196777
3.255631446838379
1.8980127573013306
1.4075698852539062
1.26438307762146
3.2123098373413086
3.440866470336914
2.4775190353393555
3.494204044342041
2.586730480194092
2.19926381111145
2.397686719894409
3.369997978210449
1.4418543577194214
2.83950138092041
2.900843381881714
3.995616912841797
1.9992005825042725
1.0855265855789185
2.2216532230377197
3.4888622760772705
3.8329381942749023
2.9589364528656006
1.583701252937317
1.645358681678772
2.5549306869506836
1.5988410711288452
2.045997142791748
1.6093504428863525
1.5390114784240723
4.434044361114502
1.1796977519989014
3.537313938140869
1.7549164295196533
1.887690544128418
2.423340320587158
3.17698335647583
1.3697481155395508
2.888354778289795
2.3912062644958496
3.4723007678985596
1.930690884590149
3.1431210041046143
3.3748741149902344
2.388859987258911
1.8046197891235352
2.1678595542907715
3.4871792793273926
3.7561912536621094
3.16451358795166
4.08270788192749
1.7110719680786133
2.652794361114502
0.8303961753845215
4.295462131500244
2.180816173553467
1.595611810684204
2.082125186920166
0.9482488632202148
4.4004693031311035
2.5707457065582275
2.7409920692443848
2.2375059127807617
2.624823808670044
1.88993239402771
2.541501760482788
2.9046545028686523
2.825364112854004
1.4737135171890259
3.6568500995635986
2.3093695640563965
1.6705994606018066
2.858647108078003
2.394254684448242
2.275905132293701
2.538984775543213
3.8142523765563965
3.4781577587127686
2.5496206283569336
2.0339884757995605
1.2760646343231201
3.833682060241699
2.2805776596069336
1.2032521963119507
3.7001805305480957
2.1092517375946045
2.1656291484832764
3.193887710571289
2.0469651222229004
3.1915078163146973
4.239826679229736
1.744458794593811
4.032347679138184
1.2947819232940674
2.0401837825775146
1.461358666419983
3.3812289237976074
2.2350072860717773
4.705556869506836
2.399299383163452
1.7522194385528564
4.005288600921631
1.6541929244995117
2.3028626441955566
1.090207815170288
1.7752068042755127
3.8302576541900635
2.6262450218200684
2.310420036315918
1.2436599731445312
4.014093399047852
2.3528928756713867
2.5650253295898438
1.0501505136489868
1.9527052640914917
2.9215898513793945
4.246049404144287
3.333486318588257
2.5944008827209473
3.6472082138061523
2.551478385925293
1.2975175380706787
2.887190818786621
2.0110116004943848
1.281497597694397
2.788332462310791
3.2449021339416504
1.1529730558395386
1.8401703834533691
3.6703455448150635
3.882450819015503
2.407238006591797
1.4371925592422485
3.1392276287078857
2.0362548828125
3.1432242393493652
2.974334239959717
2.1013550758361816
2.598604917526245
1.8213998079299927
1.9831968545913696
1.3876157999038696
1.5578008890151978
2.731149196624756
3.7653584480285645
2.216010093688965
4.039141654968262
4.467311382293701
1.129478096961975
2.673006534576416
2.4723634719848633
2.0500407218933105
2.016650915145874
2.6892662048339844
2.326707363128662
1.3908590078353882
2.586007595062256
3.450186014175415
1.6303625106811523
2.6444835662841797
1.5382839441299438
1.5350427627563477
1.4638338088989258
3.5612921714782715
1.6231627464294434
3.1078598499298096
3.714317798614502
1.671505093574524
2.6037309169769287
4.282742023468018
2.7790021896362305
3.5494863986968994
1.3991819620132446
2.2587854862213135
3.1882948875427246
1.5166738033294678
3.013115882873535
1.8424816131591797
3.6918931007385254
3.37056827545166
1.8430664539337158
1.8692567348480225
3.149397611618042
2.1071321964263916
3.600739002227783
3.0038890838623047
2.622875690460205
2.8056535720825195
1.8225040435791016
3.001331090927124
2.519160270690918
1.3297659158706665
1.6397967338562012
2.8078291416168213
1.5439543724060059
2.5353238582611084
3.129945755004883
3.1208765506744385
2.8143420219421387
2.2668192386627197
1.5761091709136963
2.379068613052368
0.9589982032775879
2.323596239089966
1.7520670890808105
1.6262004375457764
1.513323187828064
2.989225387573242
1.9864439964294434
1.9369103908538818
1.8098535537719727
1.8326987028121948
2.0566670894622803
1.9293348789215088
1.7219374179840088
2.7215795516967773
2.4514846801757812
2.3446478843688965
2.2394661903381348
4.014370918273926
2.476327657699585
1.8693130016326904
3.6250152587890625
2.457881212234497
2.5049052238464355
1.155797004699707
1.4419280290603638
2.2065086364746094
3.8875904083251953
2.821782112121582
1.9210063219070435
2.9802074432373047
3.079771041870117
2.4747021198272705
3.6211535930633545
1.6891403198242188
1.4210618734359741
2.449955463409424
2.549523115158081
1.9737348556518555
2.024155616760254
2.6486361026763916
1.9534907341003418
1.929094910621643
2.4291648864746094
2.9738826751708984
2.1739163398742676
2.4674901962280273
2.84476900100708
2.7404544353485107
2.0449321269989014
2.425507068634033
3.6736199855804443
3.901884078979492
2.8710861206054688
3.8423094749450684
3.022966146469116
2.414351224899292
3.2226598262786865
2.021432399749756
3.906601667404175
3.533402442932129
1.3408293724060059
1.7590622901916504
2.892902135848999
0.5155959725379944
2.5644021034240723
2.4252991676330566
1.684048056602478
2.7668259143829346
4.3587775230407715
3.238448143005371
2.8785948753356934
2.016878604888916
2.8042566776275635
2.2431793212890625
1.9280834197998047
2.198880434036255
3.4669744968414307
2.8950185775756836
0.9555211067199707
3.907764434814453
2.6967997550964355
1.5264344215393066
2.1736927032470703
1.7650257349014282
2.6635775566101074
2.448396682739258
4.014944076538086
2.694185972213745
3.0552611351013184
1.628271460533142
2.244429111480713
2.5533154010772705
2.692612648010254
2.819617748260498
1.856931209564209
2.4065680503845215
2.189227342605591
2.0566415786743164
1.9950487613677979
2.2889528274536133
4.021350860595703
2.7457597255706787
3.3944153785705566
2.2081751823425293
2.53059983253479
2.054680109024048
3.0935966968536377
2.1082968711853027
2.7626748085021973
1.368713617324829
3.6105501651763916
1.9248212575912476
1.5069022178649902
2.03265380859375
1.8961857557296753
2.0656659603118896
3.369843006134033
2.4553334712982178
2.6115593910217285
1.836507797241211
2.093783378601074
2.3331475257873535
2.1223621368408203
2.62312650680542
2.427581310272217
4.3731818199157715
2.818511724472046
1.3350881338119507
2.508608102798462
3.5027096271514893
2.4312045574188232
2.4587817192077637
1.627588152885437
2.4964189529418945
1.980745792388916
1.4189695119857788
1.662671685218811
2.2708864212036133
1.5505867004394531
1.5956549644470215
2.927748680114746
3.725219964981079
2.0828816890716553
2.64499568939209
1.4185395240783691
1.6724092960357666
1.9723291397094727
2.43355655670166
3.423928737640381
3.1968202590942383
3.1040401458740234
3.0619263648986816
1.2065538167953491
2.781097650527954
2.864037036895752
1.9919958114624023
1.1510573625564575
2.353743553161621
2.758181571960449
2.5140957832336426
2.0519914627075195
2.6440558433532715
2.8897383213043213
2.3162548542022705
1.4955530166625977
3.335594892501831
3.397432565689087
2.3205337524414062
1.8892152309417725
3.323643207550049
1.9796496629714966
1.7558914422988892
2.886538505554199
2.563438892364502
1.9091246128082275
1.4216020107269287
2.9179205894470215
2.352602243423462
3.108215808868408
1.8146311044692993
3.781014919281006
2.193607807159424
2.3746325969696045
1.8088215589523315
2.682102918624878
2.7395124435424805
2.710348606109619
2.330242156982422
2.594789981842041
2.7098586559295654
2.3413052558898926
1.9250743389129639
4.132481575012207
1.4748667478561401
2.903163433074951
2.4608147144317627
2.6033926010131836
3.8252382278442383
1.554608941078186
2.7374191284179688
1.605258584022522
2.5002405643463135
1.1882288455963135
3.655958414077759
2.9695944786071777
1.8694183826446533
1.8468273878097534
1.1514954566955566
2.119044303894043
2.9978866577148438
1.885399580001831
2.690901517868042
1.9443405866622925
2.2853074073791504
1.9526703357696533
1.9277034997940063
3.024643898010254
1.387354850769043
2.2595231533050537
2.904907464981079
2.416975975036621
2.8927135467529297
1.338188886642456
2.202667236328125
2.694690227508545
3.2088327407836914
1.0446285009384155
1.8328064680099487
2.467285394668579
2.0556185245513916
4.066328525543213
1.9130027294158936
2.2660837173461914
4.109871864318848
1.9470901489257812
3.0118584632873535
2.900165319442749
2.641089916229248
2.3862035274505615
2.0971860885620117
2.413236618041992
3.0961461067199707
3.0193395614624023
2.4153103828430176
2.9334421157836914
2.0460009574890137
1.5119844675064087
3.1693334579467773
1.879325032234192
2.6819050312042236
3.207058906555176
3.1674983501434326
2.6778712272644043
2.547762155532837
1.918291449546814
2.691084861755371
3.03800106048584
3.574981689453125
3.0440311431884766
1.7458827495574951
2.6013307571411133
1.6402335166931152
2.152975559234619
1.9008119106292725
2.881000280380249
2.7905826568603516
2.834894895553589
1.3755130767822266
2.325347423553467
2.294431209564209
2.9696269035339355
2.491863965988159
3.052966833114624
2.5301294326782227
1.6760224103927612
1.4853074550628662
2.2979631423950195
1.9711809158325195
1.9853867292404175
2.126729965209961
1.8336385488510132
2.9087653160095215
1.5269970893859863
2.616215229034424
4.057366847991943
3.4137167930603027
1.497985601425171
2.6397509574890137
2.0767111778259277
2.6750030517578125
2.539022445678711
2.717123031616211
2.568105459213257
2.31398868560791
2.3371710777282715
3.7774384021759033
1.1444979906082153
1.3574442863464355
2.125440835952759
1.5329434871673584
2.4868645668029785
3.2757444381713867
2.932042121887207
2.5696489810943604
2.574279308319092
2.077596426010132
3.402627468109131
2.8978915214538574
2.470264196395874
2.187356948852539
1.7684953212738037
3.421386480331421
3.0608651638031006
3.369757652282715
1.5293539762496948
2.296578884124756
1.9702723026275635
2.559523105621338
2.2201547622680664
1.0215545892715454
2.9653210639953613
2.860177516937256
2.4612984657287598
3.3650474548339844
2.4803826808929443
2.684626340866089
3.0692343711853027
2.6437602043151855
1.1951754093170166
2.6229288578033447
2.9538652896881104
3.3349409103393555
2.424957513809204
2.1531991958618164
2.053210735321045
2.005446195602417
1.9896875619888306
2.764430522918701
2.4008054733276367
4.285162925720215
1.0029441118240356
2.6534531116485596
2.3944625854492188
2.0284318923950195
2.818362236022949
1.8039865493774414
2.8233397006988525
2.7927308082580566
2.72784686088562
2.822589874267578
2.904644250869751
2.3182435035705566
2.8133175373077393
2.5722668170928955
3.270172595977783
2.6872148513793945
2.8804495334625244
2.462007999420166
2.6713216304779053
2.2192118167877197
2.5204973220825195
2.5731544494628906
3.312106132507324
3.5971851348876953
2.514798402786255
2.5465540885925293
2.700211763381958
1.9794466495513916
3.529409170150757
2.8241586685180664
2.430576801300049
2.2213189601898193
2.16139817237854
2.755042314529419
2.2159223556518555
3.6652016639709473
4.144708633422852
4.622273921966553
2.938826560974121
4.151382923126221
2.3608250617980957
2.850933313369751
3.1289119720458984
2.618659496307373
3.1785082817077637
3.9596521854400635
3.711777925491333
2.8206186294555664
2.023942708969116
1.9010446071624756
2.953251361846924
2.780625581741333
4.623777389526367
2.1212329864501953
3.1043806076049805
4.318980693817139
3.676351308822632
2.6157732009887695
2.4115631580352783
3.1521573066711426
2.72796630859375
2.0576770305633545
3.7142670154571533
2.325655221939087
2.716174602508545
2.8216910362243652
3.3424508571624756
3.955380439758301
2.148601531982422
2.5253567695617676
2.600569725036621
2.215332508087158
3.59403657913208
3.6347861289978027
1.7149600982666016
2.746858835220337
4.556957244873047
4.824438095092773
3.460702657699585
3.833981513977051
2.2170228958129883
3.893984794616699
2.8930835723876953
4.583658695220947
3.3177666664123535
3.138897657394409
3.863447904586792
3.4507884979248047
3.044576406478882
3.1110925674438477
2.522001028060913
3.6319589614868164
2.647508382797241
1.9974660873413086
3.2003660202026367
3.9445841312408447
3.295302152633667
2.153308629989624
3.123265504837036
4.677337646484375
2.3687562942504883
2.4679532051086426
2.756071090698242
4.00875997543335
3.328944683074951
4.419327259063721
2.9239816665649414
2.9279353618621826
1.9901213645935059
3.184652090072632
2.3987252712249756
4.33979606628418
2.433070659637451
2.3101742267608643
2.7244277000427246
2.585012912750244
4.666004657745361
3.1010520458221436
2.5125372409820557
2.530102252960205
2.948901414871216
4.281576156616211
3.195507049560547
3.4414443969726562
1.5170466899871826
2.3443963527679443
2.4797239303588867
4.29434871673584
3.786695957183838
2.389549970626831
3.1076300144195557
2.8889970779418945
4.203926086425781
2.895357608795166
3.628716230392456
2.487752676010132
2.639017105102539
2.6593141555786133
1.8998925685882568
3.315020799636841
2.6085517406463623
4.123202800750732
2.1828622817993164
3.6096372604370117
3.206904888153076
3.055898904800415
2.2698569297790527
3.6201415061950684
3.2837367057800293
3.0015053749084473
3.518764019012451
3.5612452030181885
3.2251906394958496
3.2700297832489014
2.9671311378479004
3.1198816299438477
2.522646188735962
4.336385250091553
4.160328388214111
2.753016710281372
2.059497356414795
3.257718324661255
2.7105164527893066
1.898267388343811
3.678746223449707
2.5802226066589355
1.6759229898452759
2.4045190811157227
2.6494078636169434
3.6939942836761475
3.06333589553833
4.813937664031982
2.965649366378784
2.8580241203308105
2.967866897583008
4.310854434967041
2.8818511962890625
2.702110767364502
1.8519418239593506
2.0253188610076904
4.657425880432129
2.8408422470092773
4.334189414978027
1.4713001251220703
4.121252536773682
2.764799118041992
3.2831740379333496
2.8233911991119385
2.5357041358947754
4.462316989898682
2.349514961242676
2.6931955814361572
3.939584732055664
3.964207649230957
3.3822906017303467
3.6047887802124023
4.020977020263672
2.813711166381836
1.4910342693328857
2.9526166915893555
3.9723122119903564
2.633235454559326
3.490070104598999
2.886181354522705
2.705592155456543
3.0941078662872314
3.351505756378174
2.3455722332000732
2.7491202354431152
2.5507962703704834
2.5316662788391113
1.9041497707366943
3.1342239379882812
2.796994209289551
3.808598756790161
2.9019558429718018
3.6200613975524902
2.519017219543457
3.046265125274658
2.460939884185791
3.3384389877319336
3.334031581878662
1.6913549900054932
4.3120646476745605
1.524186372756958
2.9542946815490723
2.0122745037078857
2.549227714538574
3.2638442516326904
4.49141788482666
2.2863612174987793
3.5406317710876465
3.563612461090088
2.7030303478240967
3.9786810874938965
3.4576799869537354
2.5766658782958984
1.8596410751342773
2.679605484008789
2.6720943450927734
3.498401165008545
3.4499833583831787
2.9493632316589355
2.517246961593628
3.749605417251587
3.2671475410461426
3.946969509124756
3.1107935905456543
2.6101229190826416
2.558206081390381
4.7010602951049805
3.3190248012542725
1.8684388399124146
3.6458981037139893
2.0360262393951416
2.6304330825805664
2.959577798843384
1.9234007596969604
3.882999897003174
3.853771448135376
2.5556583404541016
2.706676721572876
2.3439366817474365
2.5046207904815674
3.7066969871520996
3.831298828125
3.6025023460388184
2.770461082458496
2.439615488052368
3.001763343811035
2.0341405868530273
2.094846248626709
2.092134475708008
2.4498345851898193
2.764456033706665
1.838425636291504
4.023185729980469
3.3359835147857666
2.4219605922698975
1.9208210706710815
4.172014236450195
3.050088882446289
2.4722723960876465
3.3812966346740723
2.762209892272949
1.6824095249176025
3.593345880508423
1.5068806409835815
1.5929064750671387
2.547539710998535
3.931386947631836
3.58259654045105
3.9168550968170166
2.306563377380371
1.2088168859481812
3.404222011566162
2.0046756267547607
1.4032843112945557
2.0708045959472656
1.8643640279769897
3.0615293979644775
3.6871337890625
1.463813304901123
2.1577537059783936
2.055654764175415
3.0169131755828857
1.1809005737304688
3.0324106216430664
4.24350118637085
1.822544813156128
2.3974738121032715
2.463724136352539
1.462720513343811
3.62912917137146
1.26576828956604
2.590679883956909
3.049283981323242
3.625129461288452
3.650801181793213
3.2284629344940186
1.4041779041290283
1.6488163471221924
4.270326614379883
2.5381226539611816
2.4603371620178223
2.6787705421447754
3.2109620571136475
2.815866470336914
2.8577980995178223
1.6662846803665161
3.389422655105591
1.8249129056930542
1.4772686958312988
3.5924017429351807
2.3831722736358643
2.0759007930755615
3.4922244548797607
2.409475564956665
1.1804559230804443
1.7390631437301636
2.8735544681549072
3.809645652770996
1.4151649475097656
3.0495309829711914
2.5243258476257324
3.0402305126190186
2.8536107540130615
3.1928672790527344
2.0116515159606934
3.400397539138794
2.368823528289795
2.6031079292297363
3.1502809524536133
3.150437116622925
2.057563304901123
1.5804531574249268
2.010202407836914
1.0488603115081787
1.816059947013855
3.7824490070343018
1.5657203197479248
2.800603151321411
1.5928313732147217
1.806886076927185
2.2707245349884033
3.1501097679138184
1.8851720094680786
3.2127699851989746
2.842867851257324
2.120013952255249
4.016709327697754
2.395807981491089
2.6736373901367188
3.2100157737731934
2.3533692359924316
2.7484824657440186
2.6887435913085938
2.7269318103790283
2.3810043334960938
3.1354925632476807
2.6111791133880615
1.3670377731323242
3.035496234893799
3.019867420196533
2.244295120239258
2.23677659034729
4.068222999572754
2.5093886852264404
2.3913846015930176
2.4529471397399902
2.030454397201538
1.387078046798706
3.3712925910949707
3.0557773113250732
3.3276891708374023
1.949333906173706
2.3105571269989014
2.3377392292022705
2.761125326156616
3.4063401222229004
3.4724583625793457
1.9196710586547852
2.6645872592926025
2.5905566215515137
2.9431471824645996
2.0921473503112793
1.886296272277832
1.8032963275909424
1.9714123010635376
3.1307079792022705
2.4161007404327393
3.1888794898986816
2.478267192840576
1.9563417434692383
2.3635706901550293
1.0579118728637695
3.325338840484619
1.648499846458435
2.125040054321289
2.1830904483795166
2.2713842391967773
1.6557847261428833
3.833434581756592
3.0927839279174805
1.416252851486206
1.4918638467788696
1.6457834243774414
2.6618945598602295
1.4864847660064697
2.348726272583008
3.8880417346954346
3.74179744720459
3.2607550621032715
4.404469013214111
2.8079617023468018
1.1967920064926147
2.4481494426727295
3.472562074661255
3.9182190895080566
3.1435389518737793
2.796539783477783
2.1177563667297363
2.507887840270996
2.269181728363037
1.4553736448287964
1.5995930433273315
3.0970957279205322
1.8058966398239136
3.3534045219421387
2.5719592571258545
3.0521984100341797
1.6617916822433472
3.269979953765869
2.1101930141448975
2.286076307296753
4.100599765777588
1.6976176500320435
2.2205915451049805
1.8542256355285645
1.619715929031372
2.430866241455078
3.005371570587158
3.461143732070923
2.081432819366455
2.2344982624053955
2.2461090087890625
1.769630789756775
2.486722230911255
4.193924427032471
2.0255632400512695
2.4624974727630615
3.107285261154175
3.1979875564575195
3.234548807144165
3.8599038124084473
1.5149786472320557
2.6835317611694336
2.3247265815734863
3.199007749557495
2.0642781257629395
2.246872901916504
1.6222251653671265
4.417695045471191
2.263446092605591
3.46114444732666
3.664508104324341
3.6984825134277344
2.7314579486846924
3.7357797622680664
3.4041330814361572
2.7891132831573486
2.3189756870269775
1.7554701566696167
3.4697909355163574
2.3730030059814453
2.9083571434020996
2.992645263671875
1.1865415573120117
2.398826837539673
1.5954086780548096
2.160614252090454
2.514688014984131
2.965726852416992
2.9220094680786133
3.2913928031921387
1.8094627857208252
3.491502046585083
2.9261388778686523
2.6598291397094727
2.7186808586120605
1.8200336694717407
1.2702956199645996
1.82944655418396
2.418259382247925
3.450446367263794
2.7667198181152344
