3.06331205368042
2.5409369468688965
4.07417106628418
1.2189486026763916
2.3236629962921143
1.640214443206787
2.606820583343506
1.4686362743377686
1.4173541069030762
0.8081852197647095
0.7043799161911011
1.290481686592102
1.5831505060195923
2.5017495155334473
1.7856870889663696
0.966005802154541
3.655290126800537
0.7368539571762085
2.4760499000549316
0.8643394708633423
0.8314239978790283
0.43147945404052734
1.7370917797088623
2.3787841796875
0.9706210494041443
1.5182543992996216
1.2834677696228027
0.8163344264030457
1.7007875442504883
3.395467758178711
0.7303616404533386
1.331430435180664
2.143467664718628
0.5651638507843018
0.9775134921073914
0.4137382507324219
0.6579107642173767
1.339043378829956
0.9345192313194275
0.3760955333709717
1.5349071025848389
2.1663713455200195
0.455019474029541
0.5655649900436401
0.9433945417404175
0.4854584336280823
0.3737143874168396
0.5562164783477783
0.876504123210907
1.3288031816482544
0.5030506253242493
1.027086853981018
1.4862321615219116
0.581604540348053
0.8140279054641724
0.7591090202331543
1.2891595363616943
0.7298696637153625
1.6566736698150635
3.57377290725708
2.654121160507202
1.1601873636245728
1.954092264175415
1.4847304821014404
0.7314856052398682
0.8626939058303833
0.9778136014938354
1.6047524213790894
0.3116593360900879
0.15077194571495056
1.4704725742340088
0.7701590061187744
1.3447867631912231
0.45704710483551025
1.119718313217163
1.5126103162765503
0.4141993820667267
0.770797848701477
1.730576992034912
1.065123200416565
0.09366921335458755
0.6180136799812317
1.0069634914398193
0.9083596467971802
0.3393789827823639
0.4479846954345703
0.8453962802886963
0.9019608497619629
1.144087553024292
0.5388668179512024
1.5282349586486816
0.0564580112695694
1.0529476404190063
1.041907548904419
0.4634321331977844
2.0634772777557373
0.16641587018966675
0.0028558981139212847
0.48765718936920166
1.9457453489303589
0.16880637407302856
0.2249131202697754
0.06929700821638107
0.06520771980285645
0.10910899937152863
0.40642672777175903
0.124582439661026
0.18658870458602905
1.3904685974121094
1.3729307651519775
1.0797499418258667
0.7093415260314941
1.5316020250320435
1.116899013519287
0.3736003637313843
1.5740540027618408
1.4962408542633057
0.20893609523773193
0.41630151867866516
0.8007984161376953
0.807510495185852
0.6513866782188416
0.14467716217041016
0.39062219858169556
1.0997389554977417
1.0933918952941895
0.1764851063489914
2.8492774963378906
1.853151559829712
2.4739348888397217
2.225029945373535
3.172156572341919
2.0959906578063965
4.141261577606201
3.5201549530029297
3.2351579666137695
1.3625547885894775
2.3917462825775146
1.409441351890564
0.9008861780166626
2.036548137664795
1.2247096300125122
1.1334575414657593
2.1455280780792236
1.2034262418746948
0.7345389127731323
2.5315916538238525
0.8185765147209167
0.7719042301177979
1.1574175357818604
0.8149337768554688
0.9733375310897827
0.31181320548057556
0.782961368560791
2.2943899631500244
1.6576249599456787
0.40902552008628845
1.3930178880691528
1.8123259544372559
0.7055565118789673
2.217165470123291
2.4964566230773926
0.9541601538658142
0.7499758005142212
0.6918769478797913
1.1222782135009766
3.217949390411377
1.2212494611740112
1.5786547660827637
1.9702458381652832
0.7113347053527832
0.6794024705886841
1.6905558109283447
2.815641164779663
0.960486888885498
0.7559942603111267
0.9398310780525208
2.1418228149414062
0.5187816023826599
0.8610712289810181
1.0844995975494385
1.5844173431396484
0.9801691770553589
1.110388159751892
1.6595245599746704
0.5076000690460205
0.7435751557350159
1.2659316062927246
1.2163574695587158
0.6855319738388062
1.261683702468872
0.0892437994480133
1.4297884702682495
2.640886068344116
0.24402573704719543
1.9474023580551147
2.117591142654419
1.4661540985107422
0.5685376524925232
0.6466530561447144
0.7442096471786499
1.2394647598266602
1.112609624862671
1.472541093826294
0.991929829120636
0.5544517040252686
1.5108489990234375
0.742344856262207
0.7326847314834595
1.9281846284866333
0.6516045928001404
0.42990413308143616
1.577091097831726
1.0485557317733765
1.133630394935608
0.3777678310871124
1.033728837966919
1.244945764541626
0.02146737463772297
1.598734736442566
0.5539060235023499
0.5652775168418884
1.4620472192764282
2.107605457305908
0.25080499053001404
0.22622846066951752
0.16988012194633484
0.24809789657592773
1.1598446369171143
0.6406545639038086
1.095841407775879
0.5646635890007019
1.4540053606033325
0.5944612622261047
1.5976340770721436
0.5952783823013306
1.5082961320877075
0.07627659291028976
0.37376686930656433
1.0662370920181274
0.8321486711502075
0.7839259505271912
0.9073401689529419
1.4922914505004883
1.7200016975402832
1.3428674936294556
0.02917233482003212
1.014601707458496
1.983400583267212
1.6873533725738525
0.24770154058933258
1.3290095329284668
1.7430734634399414
2.3099544048309326
1.430629014968872
1.9987754821777344
1.0681207180023193
0.4932551085948944
0.500103235244751
0.4266788363456726
1.6673800945281982
2.583294153213501
2.2809298038482666
0.7785102725028992
0.1487874686717987
0.28299060463905334
0.8151307702064514
2.647915840148926
0.7785144448280334
1.7180968523025513
3.140392303466797
0.7116380929946899
0.6839293837547302
0.8973506093025208
0.49460315704345703
2.5950565338134766
0.32074424624443054
1.116708755493164
1.1763558387756348
0.6222843527793884
0.6070362329483032
1.321854829788208
1.1097882986068726
0.9651749134063721
1.6592302322387695
1.7095317840576172
1.767331838607788
0.8497409820556641
2.1377432346343994
1.1474956274032593
3.092787504196167
1.9350900650024414
1.7570216655731201
3.322103261947632
0.48008811473846436
0.39246928691864014
0.4418882131576538
1.4536546468734741
0.585328996181488
0.8298133611679077
2.011289358139038
0.2906789481639862
0.46637845039367676
1.0880532264709473
1.366161823272705
1.8648016452789307
2.2294158935546875
0.6131617426872253
0.7131981253623962
0.22435232996940613
0.2645561099052429
1.769298791885376
1.7725820541381836
1.4300202131271362
1.6219384670257568
1.5044909715652466
0.07959069311618805
0.24601978063583374
1.1741130352020264
0.469201922416687
0.20823343098163605
1.1214021444320679
2.191648483276367
0.3546047806739807
1.3582239151000977
0.5777574181556702
0.5461472868919373
0.8326401710510254
2.318840503692627
1.3432985544204712
0.9574456214904785
1.0367580652236938
0.2029794454574585
1.5885694026947021
0.3600010871887207
1.803314447402954
0.4723094403743744
2.0696685314178467
1.254516363143921
0.9650459885597229
1.456681251525879
2.890758514404297
2.124492645263672
2.16062593460083
0.2592054307460785
0.802057147026062
0.8847370147705078
1.395402193069458
0.828721821308136
0.23134110867977142
0.6845296025276184
3.3084046840667725
1.0095067024230957
2.47333025932312
1.3119821548461914
1.0983688831329346
0.45298492908477783
0.9230062365531921
1.6099094152450562
1.8523881435394287
1.87813401222229
0.389543741941452
0.8305609822273254
2.6593570709228516
1.4404261112213135
0.8579088449478149
0.09284541755914688
1.1105124950408936
1.2885806560516357
2.97300124168396
0.5619980692863464
2.9380455017089844
1.2308144569396973
0.5855872631072998
1.4656788110733032
2.1669859886169434
1.9484549760818481
0.28485724329948425
0.8193563222885132
1.1503294706344604
2.3346574306488037
0.009024808183312416
1.4545435905456543
0.037861935794353485
0.24126172065734863
1.320263147354126
2.002274990081787
0.38310927152633667
1.8541388511657715
0.9509673118591309
3.160459518432617
1.004035234451294
0.034290459007024765
2.1807005405426025
1.3646454811096191
0.33479052782058716
1.5230045318603516
1.8356554508209229
0.3805363178253174
1.4828519821166992
1.3769676685333252
0.4374281167984009
1.7929487228393555
1.441939115524292
0.9803552627563477
0.37551361322402954
0.995772123336792
0.7105530500411987
0.24840861558914185
0.250690221786499
2.3029427528381348
0.9608489871025085
1.0525462627410889
1.2115108966827393
2.0313384532928467
1.7823301553726196
0.4561939537525177
2.483797788619995
1.7118785381317139
2.2018470764160156
2.2335927486419678
1.18683922290802
0.7940303683280945
0.7329683303833008
0.7917434573173523
2.1526358127593994
1.0452957153320312
1.1783902645111084
0.09337682276964188
1.0682388544082642
0.7709627747535706
0.9657058715820312
1.2857036590576172
1.054365873336792
0.7255381941795349
0.7032183408737183
0.5673151016235352
2.7137327194213867
1.296377182006836
0.911973237991333
2.8647706508636475
1.897377371788025
1.1261732578277588
1.6198136806488037
0.2536698281764984
0.2037152647972107
0.27921029925346375
1.0628118515014648
0.5331947803497314
0.7044368386268616
0.38287514448165894
1.9220576286315918
1.891250491142273
1.2554854154586792
2.6000490188598633
2.3414158821105957
0.1557135432958603
0.4789115786552429
0.6582465171813965
0.2365981787443161
0.43253177404403687
1.013381004333496
0.27476564049720764
1.4818679094314575
1.431976079940796
0.29622602462768555
0.40960851311683655
2.339489221572876
1.6146414279937744
0.8658938407897949
1.462992548942566
1.2410941123962402
1.7371432781219482
1.4472078084945679
0.5649269819259644
1.054308533668518
1.8417109251022339
1.1542577743530273
0.313692569732666
0.5790489912033081
0.7891620397567749
1.0809528827667236
0.29204878211021423
1.154028058052063
2.4957809448242188
0.8457184433937073
0.4764465093612671
2.6436171531677246
0.5761337280273438
0.5994648933410645
0.7322972416877747
0.2248205840587616
2.53995680809021
0.5163995027542114
1.553820252418518
0.35101935267448425
1.3933278322219849
3.043973445892334
1.3245935440063477
0.5754998922348022
2.3768980503082275
0.9877997636795044
1.4714226722717285
3.6660079956054688
0.15730954706668854
1.6297810077667236
2.2992639541625977
0.11962102353572845
1.0720726251602173
1.2988355159759521
1.3061105012893677
1.463167428970337
0.42781925201416016
0.912547767162323
2.483043909072876
0.07334545999765396
2.8971078395843506
1.5719103813171387
2.4906132221221924
1.1330811977386475
1.1323391199111938
1.2285726070404053
2.718723773956299
0.2794646918773651
3.204241991043091
0.48855188488960266
1.1849159002304077
0.029859833419322968
2.1173524856567383
0.22843393683433533
1.2763471603393555
0.009064676240086555
1.4020944833755493
0.02582864835858345
0.058493755757808685
0.7704150080680847
2.458479642868042
0.4091572165489197
1.422945261001587
1.3105735778808594
2.515376091003418
0.07302799075841904
1.0906128883361816
0.4609803855419159
2.247952699661255
1.3581775426864624
1.157605767250061
0.12439940124750137
0.3410007059574127
1.6142488718032837
0.7680147886276245
1.9627403020858765
1.3715956211090088
2.6251628398895264
0.2547842860221863
0.426827609539032
0.7590942978858948
0.10969080030918121
1.7656844854354858
0.9720861911773682
0.14442633092403412
0.3604159951210022
2.5590920448303223
0.5658659934997559
2.2925286293029785
0.18614181876182556
1.094817876815796
0.4351575970649719
1.1599574089050293
1.460282802581787
1.4050297737121582
1.4368877410888672
1.2906112670898438
2.617631196975708
1.0689224004745483
1.2135735750198364
2.3272945880889893
0.7225043177604675
0.8246212601661682
2.4535672664642334
2.295396566390991
2.2047462463378906
0.6543998718261719
1.6702802181243896
0.047587595880031586
0.8001500368118286
0.004830747377127409
0.6228668093681335
0.08237841725349426
3.067817449569702
2.154111623764038
2.132530927658081
0.42081278562545776
0.9928184151649475
0.49741506576538086
1.962746262550354
1.3109623193740845
0.2092045247554779
1.5801734924316406
1.559396505355835
0.8268535137176514
0.500450611114502
2.966176986694336
0.7202624678611755
1.671947956085205
1.3938639163970947
2.376649856567383
1.4132349491119385
0.7447084188461304
2.6448211669921875
2.4383456707000732
1.420633316040039
2.2757809162139893
2.1728031635284424
0.7927901148796082
0.03312607482075691
1.1071131229400635
0.5354285836219788
0.18137598037719727
0.6073663234710693
0.5818575024604797
1.539196491241455
0.014354128390550613
2.7825546264648438
0.9615681171417236
3.8751916885375977
1.7772910594940186
2.0061073303222656
0.4023759365081787
2.851881504058838
1.2428613901138306
3.247089147567749
0.45951929688453674
0.5121307969093323
1.1885944604873657
0.11855710297822952
1.4394307136535645
0.7787786722183228
0.5176820755004883
3.136319875717163
1.8205318450927734
0.7204789519309998
0.38560932874679565
0.3564695119857788
1.2926146984100342
1.429125189781189
2.023615837097168
1.1630351543426514
0.8139720559120178
0.713779866695404
0.06900272518396378
1.127646565437317
1.658494234085083
0.8961732387542725
1.6197587251663208
0.7875435948371887
0.22743858397006989
1.4105429649353027
1.5250964164733887
1.1798166036605835
0.8716599941253662
0.876903235912323
0.7289518117904663
1.475701093673706
3.862647533416748
1.8630053997039795
1.7892158031463623
0.0418621264398098
1.5917695760726929
0.5318083167076111
2.279372215270996
1.3200747966766357
1.094135046005249
2.464040994644165
1.454566240310669
2.2544708251953125
0.7245861887931824
1.8109856843948364
1.3911962509155273
0.6165688037872314
0.39823785424232483
1.0421191453933716
0.08031754940748215
0.0252398569136858
1.79244863986969
1.7726712226867676
1.1113382577896118
0.4790458679199219
0.49043720960617065
3.498948574066162
0.777820885181427
0.6545110940933228
2.447030782699585
0.7079609632492065
0.05267903581261635
0.8819602727890015
0.9206897616386414
0.18043950200080872
0.20855985581874847
0.6585380434989929
1.7648351192474365
1.4140007495880127
2.690535545349121
1.8501310348510742
0.4197821617126465
0.9768509864807129
0.10987837612628937
1.489763855934143
0.4520691931247711
0.4105277359485626
0.6389197707176208
0.39481016993522644
2.163667917251587
0.17312967777252197
0.19036643207073212
3.3754143714904785
0.07894738018512726
2.5052385330200195
1.8341989517211914
2.0309224128723145
1.8067585229873657
0.5668720006942749
0.36142653226852417
1.913425326347351
1.411578893661499
1.7990243434906006
0.7566119432449341
1.1438857316970825
1.5267672538757324
0.11456221342086792
0.5115785002708435
0.23518267273902893
1.297045350074768
1.0813684463500977
1.5777541399002075
0.09250412881374359
0.5612781047821045
1.2594306468963623
1.306949257850647
2.91459059715271
0.700873851776123
0.325786828994751
1.841395616531372
0.41024184226989746
0.012549675069749355
2.4467899799346924
0.45130038261413574
0.9457408785820007
0.9920189380645752
2.4202969074249268
0.5284395217895508
0.6738535165786743
0.056263599544763565
2.734638214111328
0.926565408706665
1.213610053062439
0.7016405463218689
1.4717984199523926
1.4101767539978027
2.930482864379883
3.880524158477783
1.0369852781295776
0.6387709975242615
0.263918399810791
0.5817892551422119
1.9094635248184204
0.3487113416194916
0.7136022448539734
2.2631492614746094
1.7903817892074585
0.6504077315330505
0.9081084132194519
1.1290056705474854
1.2513689994812012
0.9748896360397339
2.272866725921631
1.3606207370758057
0.07718363404273987
1.998085379600525
1.7382569313049316
2.916470527648926
0.09594705700874329
1.568021297454834
0.9216970205307007
0.4956185519695282
1.210693359375
0.22594331204891205
2.0139501094818115
2.4180727005004883
0.42844724655151367
2.2263102531433105
1.6535441875457764
1.4297782182693481
0.03154272213578224
0.7802409529685974
0.5190290808677673
1.5226380825042725
0.5734958648681641
1.378394365310669
1.7232991456985474
1.2272372245788574
1.787102460861206
0.11563266813755035
0.10948993265628815
2.089540719985962
1.88094961643219
1.3328731060028076
2.9013614654541016
3.271232843399048
0.28472939133644104
0.6762627363204956
1.2060422897338867
1.8645617961883545
1.4583868980407715
2.1801116466522217
1.1395765542984009
2.055603504180908
0.3567700982093811
3.50126051902771
0.021139495074748993
2.0216052532196045
0.6700690984725952
0.7535816431045532
0.872245192527771
1.4896199703216553
0.8290883898735046
1.1580650806427002
1.4349918365478516
1.3079230785369873
2.05255126953125
2.041350841522217
1.3312478065490723
0.4767051339149475
0.27629491686820984
1.8489516973495483
1.5530080795288086
1.0005604028701782
2.1388845443725586
0.6810218691825867
1.4672750234603882
2.4808261394500732
1.060073971748352
0.3217640221118927
1.0495848655700684
0.5943637490272522
0.428911030292511
1.0523849725723267
0.08088115602731705
0.314214289188385
1.5356565713882446
0.27620455622673035
1.4648842811584473
2.382056474685669
1.103623867034912
3.1848959922790527
1.1987003087997437
1.495389699935913
0.6148967146873474
0.07368648052215576
0.4723877012729645
1.462218165397644
1.6384360790252686
3.3144564628601074
0.07532592862844467
1.2281609773635864
0.20503364503383636
1.0630749464035034
1.6400768756866455
2.615251064300537
1.8854854106903076
1.3799159526824951
1.5422489643096924
1.3711200952529907
1.731283187866211
2.2301673889160156
2.2507975101470947
0.02229984663426876
1.0155670642852783
1.9694373607635498
0.46395307779312134
2.495760679244995
0.6683531999588013
1.395066738128662
1.2614116668701172
1.8316054344177246
1.1107017993927002
1.399383306503296
0.7870901823043823
1.5992511510849
1.6949272155761719
1.5456204414367676
2.237217664718628
1.8669401407241821
0.6463808417320251
2.1144237518310547
1.2291451692581177
2.1938083171844482
0.8297175765037537
0.6755194067955017
2.2126193046569824
2.959935426712036
1.4258208274841309
2.1742072105407715
1.8896139860153198
1.734750509262085
0.42076224088668823
0.15843799710273743
0.8460389375686646
2.666508913040161
1.2381443977355957
3.482764720916748
2.1263768672943115
1.5637962818145752
0.6882686614990234
2.2576611042022705
4.3255109786987305
1.18424391746521
1.1526463031768799
2.0286107063293457
2.3463997840881348
0.9929810762405396
0.9225955009460449
2.2751553058624268
1.3736056089401245
2.2014057636260986
2.0158228874206543
1.4717562198638916
1.04824960231781
2.023169755935669
1.0719964504241943
1.6595553159713745
1.5296916961669922
2.2758169174194336
1.292802095413208
0.8676015734672546
1.080054759979248
1.040457844734192
0.9404072761535645
1.9632946252822876
2.7196993827819824
4.234755516052246
0.6432428359985352
0.7167477011680603
0.8196157813072205
3.388546943664551
0.5532754063606262
3.2699787616729736
1.6349031925201416
1.959947109222412
2.9619741439819336
3.0159153938293457
0.34038418531417847
3.0633482933044434
0.9935703277587891
3.025993824005127
2.4578018188476562
1.3084970712661743
1.4058624505996704
3.597158432006836
1.6745363473892212
1.2942713499069214
1.9030779600143433
4.342188358306885
1.0443201065063477
1.6564582586288452
3.091067314147949
3.3180246353149414
0.23360797762870789
2.3716204166412354
0.7493822574615479
1.917785882949829
1.4771078824996948
1.9570820331573486
1.9798659086227417
3.0244195461273193
1.94579017162323
0.9445496797561646
1.5988672971725464
2.6669139862060547
4.460452079772949
2.284231424331665
1.6623376607894897
1.7300598621368408
1.8687105178833008
0.8681386709213257
0.7983925342559814
2.2988805770874023
0.6321432590484619
0.6763103008270264
2.4081997871398926
1.9945361614227295
2.4753570556640625
2.544609308242798
1.1999566555023193
2.2359602451324463
1.0387195348739624
1.3692209720611572
1.988644003868103
2.448289632797241
1.8204631805419922
1.2618317604064941
2.2005600929260254
1.299778699874878
1.0816481113433838
2.403998613357544
1.645904779434204
2.3283705711364746
1.6978000402450562
1.0504459142684937
1.1433556079864502
1.7874168157577515
1.3182694911956787
3.1968889236450195
1.7104887962341309
1.4005917310714722
1.0380631685256958
1.5769572257995605
0.5798218250274658
1.0877764225006104
2.843313694000244
3.328918933868408
2.15629243850708
0.8173075914382935
1.2711360454559326
1.7781095504760742
0.7143784165382385
0.8499288558959961
1.5383384227752686
1.7245525121688843
2.022726535797119
1.5491794347763062
0.5253274440765381
1.861031174659729
1.533954381942749
2.724735975265503
0.6354063749313354
1.2919118404388428
2.4216976165771484
3.75283145904541
2.1982481479644775
0.3601835370063782
1.4778209924697876
1.1958080530166626
2.0800082683563232
1.7991161346435547
3.373030424118042
1.600251317024231
1.3979456424713135
1.3053033351898193
2.2424046993255615
1.29098641872406
1.2200732231140137
3.852046489715576
1.5794260501861572
2.209134340286255
2.1744863986968994
2.5814249515533447
0.976882815361023
1.1680058240890503
2.3841662406921387
1.9875366687774658
1.0643224716186523
1.433702826499939
2.987189531326294
1.2915493249893188
2.2713842391967773
1.1528180837631226
0.1360672414302826
1.549560546875
1.5484240055084229
1.5500234365463257
1.132826328277588
1.5288617610931396
1.483945608139038
0.7082521319389343
0.4884330928325653
0.7099410891532898
3.27689528465271
1.8226492404937744
1.6201884746551514
1.1498323678970337
2.0618863105773926
1.1281874179840088
1.913196325302124
1.9989426136016846
1.8549492359161377
4.285840034484863
0.5589615702629089
0.7817996740341187
1.4778505563735962
1.16888427734375
1.4781568050384521
3.0530128479003906
1.9783819913864136
1.4181404113769531
0.27912017703056335
1.5869739055633545
2.134000301361084
0.6523399949073792
1.5604898929595947
1.1755523681640625
1.5525925159454346
1.7871239185333252
2.336840867996216
2.947178840637207
2.2235045433044434
1.6435552835464478
1.366572618484497
3.957644462585449
3.4143881797790527
1.810909628868103
1.6995940208435059
1.8570294380187988
4.276894569396973
3.0697174072265625
1.7949767112731934
0.9824437499046326
1.5729128122329712
1.8185747861862183
1.5206468105316162
1.2390336990356445
0.9463643431663513
2.137343645095825
1.7219090461730957
1.3034230470657349
1.108471393585205
1.746701955795288
1.318468451499939
2.5472166538238525
1.227009892463684
1.2741830348968506
1.9104219675064087
2.8801558017730713
1.0740172863006592
1.867184042930603
0.619382917881012
1.3464409112930298
1.0536458492279053
0.714198112487793
2.951139450073242
0.9180065393447876
0.6562910079956055
0.27100127935409546
1.99760901927948
2.3761751651763916
1.6631911993026733
1.5004490613937378
1.0949457883834839
1.6011335849761963
1.8824793100357056
0.8175431489944458
1.0811206102371216
2.8838090896606445
0.9092718362808228
1.1862767934799194
3.292487144470215
0.22484658658504486
1.3739733695983887
2.5081193447113037
0.6572457551956177
0.14173820614814758
1.470031976699829
1.4507149457931519
2.0068182945251465
0.8012250661849976
0.7137116193771362
1.517716407775879
0.8617954254150391
2.4900448322296143
1.2853871583938599
1.1264480352401733
3.5155630111694336
0.7675058245658875
2.989143133163452
2.2057607173919678
1.2458186149597168
3.7614991664886475
0.14186109602451324
0.5805142521858215
1.3469765186309814
2.877004623413086
3.7354416847229004
2.0875229835510254
1.869159460067749
0.29343587160110474
2.0067968368530273
2.8630425930023193
1.6153392791748047
1.127128005027771
0.24520710110664368
1.338497281074524
3.333047866821289
2.0419533252716064
1.2628625631332397
0.5967925190925598
0.8094045519828796
4.204791069030762
1.0821810960769653
0.9801557064056396
1.110933780670166
1.8859225511550903
0.7426102161407471
1.2488155364990234
0.624788761138916
1.6847038269042969
0.08785085380077362
2.9956846237182617
0.4423217177391052
1.4063284397125244
2.6954877376556396
2.999828815460205
1.4941766262054443
2.989340305328369
2.3973052501678467
1.3644530773162842
0.6781303882598877
3.0697271823883057
1.6148053407669067
0.08095099776983261
1.6723761558532715
0.9732636213302612
0.47580674290657043
1.6790075302124023
0.2861154079437256
2.2462239265441895
1.3549108505249023
0.2834416627883911
1.4441401958465576
1.3109110593795776
0.4058825373649597
1.6244219541549683
1.2003549337387085
0.42360273003578186
2.703672409057617
0.5270870923995972
2.216973066329956
2.0088207721710205
0.906755268573761
1.2623741626739502
1.2911341190338135
0.7286872863769531
0.6891728043556213
0.8227745294570923
0.30100589990615845
2.340672492980957
1.9020193815231323
1.0939704179763794
2.1238443851470947
0.7945072054862976
3.3175177574157715
0.6160697937011719
0.24842649698257446
2.4092776775360107
1.0178742408752441
0.5085424184799194
0.9558165073394775
2.8692612648010254
3.0957987308502197
0.4907172620296478
0.21531033515930176
1.7507754564285278
2.0149459838867188
0.6492637395858765
2.0513811111450195
0.2994244694709778
0.7593410015106201
0.24378471076488495
0.410575807094574
0.9419226050376892
0.8541280627250671
1.9565094709396362
0.4063354432582855
1.6725256443023682
0.6489512920379639
2.045163631439209
1.1231704950332642
0.890113353729248
0.9590084552764893
1.153098702430725
2.5665500164031982
0.47969746589660645
1.3783575296401978
1.1525945663452148
0.969641923904419
1.9032313823699951
0.9781808257102966
1.8866183757781982
0.5009521842002869
1.160346508026123
2.044518232345581
0.22478508949279785
0.3047412037849426
1.2553777694702148
1.1493595838546753
0.9522268772125244
1.4306530952453613
4.362154006958008
3.6565465927124023
0.585096538066864
2.5321240425109863
1.4833166599273682
1.4354474544525146
0.31529057025909424
0.8104459047317505
0.5821884274482727
1.2430871725082397
0.3442307710647583
0.8296290040016174
0.1780725121498108
2.5953235626220703
0.2913614809513092
2.7358012199401855
0.4599475562572479
0.899174690246582
0.6616587042808533
1.1960448026657104
0.9457322955131531
1.690832257270813
2.2676584720611572
0.7279621958732605
1.8386369943618774
0.5461530685424805
1.3686363697052002
1.7735035419464111
2.166780948638916
1.793688416481018
1.2543432712554932
0.6163733005523682
2.1473326683044434
1.6326977014541626
0.6989579796791077
2.3112354278564453
0.3194207549095154
2.358426570892334
2.836113452911377
0.3773971199989319
1.709533452987671
1.7991126775741577
1.1106603145599365
1.528268814086914
1.8598436117172241
1.1336852312088013
1.0727561712265015
0.707582950592041
1.388580083847046
2.1149232387542725
0.5392705202102661
3.56124210357666
1.7305867671966553
1.4257686138153076
1.9851810932159424
1.8259546756744385
3.5946860313415527
2.2849550247192383
1.8335295915603638
0.8339112997055054
0.8567053079605103
1.1834908723831177
2.6161158084869385
1.6931642293930054
1.9385344982147217
0.04888886585831642
0.07318741083145142
0.298833966255188
1.8173768520355225
2.320952892303467
1.3251032829284668
1.3375853300094604
1.3028693199157715
1.9814832210540771
2.5552568435668945
1.913397192955017
0.4905441403388977
0.8123956918716431
0.9179841876029968
0.7017967104911804
1.7026004791259766
1.7266435623168945
2.2456912994384766
