3.7497236728668213
3.684260606765747
3.6417949199676514
2.9354543685913086
2.5433290004730225
1.4519034624099731
3.791522979736328
1.7121542692184448
3.1975526809692383
1.0599749088287354
1.0222989320755005
3.6994516849517822
2.277339458465576
2.3717095851898193
1.7195062637329102
1.311073899269104
4.164253234863281
3.0882201194763184
3.759136199951172
1.1379019021987915
1.3826594352722168
1.1246135234832764
2.735452890396118
2.503103256225586
1.250058650970459
1.979008674621582
1.1050997972488403
1.6816657781600952
1.4690191745758057
4.231851577758789
1.3871183395385742
2.079338550567627
2.2240493297576904
2.1322038173675537
1.7345011234283447
0.7553302645683289
2.163745880126953
1.3315374851226807
1.6909692287445068
0.592503547668457
3.8200674057006836
3.3759541511535645
2.89770245552063
0.6822192668914795
1.135271668434143
1.064570665359497
0.6648834943771362
1.4403705596923828
3.0603394508361816
2.5602073669433594
0.41065678000450134
1.0989844799041748
1.190513253211975
0.9803887605667114
1.5207679271697998
0.3242529034614563
3.68611478805542
1.2741341590881348
1.6856088638305664
4.0675530433654785
4.121307849884033
1.504812479019165
1.893951416015625
1.8382245302200317
3.1997456550598145
1.173222541809082
1.095489501953125
1.5103445053100586
0.41823112964630127
1.6600124835968018
1.4596316814422607
2.647029161453247
2.310195207595825
1.6781175136566162
3.171093225479126
1.2806265354156494
0.9383625388145447
1.405138373374939
3.1642210483551025
3.215695858001709
0.7637895345687866
0.6591943502426147
2.0648300647735596
2.628178358078003
0.6968697905540466
1.0074949264526367
1.4430484771728516
1.6484687328338623
2.1616196632385254
1.2251864671707153
2.739712953567505
1.1296906471252441
0.988430380821228
2.4028213024139404
2.3679676055908203
2.014695882797241
0.7243233323097229
0.34073585271835327
1.507500171661377
1.5994617938995361
0.4469316601753235
1.9790117740631104
3.5373449325561523
0.9430665969848633
1.2593783140182495
1.7912085056304932
0.47932934761047363
1.3334451913833618
1.3056634664535522
1.7185038328170776
2.3206162452697754
2.0811381340026855
3.0528829097747803
1.93924880027771
1.1778831481933594
1.129040241241455
2.881410598754883
0.9369364976882935
1.3299651145935059
2.0505590438842773
1.6131234169006348
1.3195604085922241
0.7767946720123291
2.115772008895874
1.5843122005462646
2.397242546081543
0.411405086517334
2.0666728019714355
4.131594657897949
2.7757647037506104
2.658125877380371
2.4859235286712646
3.1469192504882812
4.426270961761475
3.779200553894043
3.491791248321533
3.718693733215332
2.6888608932495117
1.811659336090088
4.2952752113342285
4.336175441741943
2.6784780025482178
1.4655210971832275
3.6546902656555176
1.3603320121765137
1.3876874446868896
3.8860442638397217
1.7560920715332031
1.441220998764038
1.1512569189071655
1.502610445022583
1.4255859851837158
1.4579837322235107
2.731487512588501
3.485335350036621
3.325937032699585
0.4876069724559784
1.3010554313659668
2.131054162979126
0.9256147146224976
4.15651273727417
2.8574256896972656
3.18234920501709
2.422300338745117
1.8428142070770264
2.906637191772461
3.4886746406555176
2.4476990699768066
3.083834409713745
3.021188259124756
1.6189327239990234
1.0008469820022583
2.266467571258545
2.332933187484741
3.2945656776428223
2.313523054122925
2.965118646621704
2.7120184898376465
0.36678487062454224
0.5312055349349976
0.5316272974014282
1.9179271459579468
1.3118709325790405
1.8902652263641357
2.106215000152588
0.37449362874031067
1.9365758895874023
1.2919273376464844
1.8959110975265503
1.3818169832229614
3.3250019550323486
1.0282161235809326
1.505446434020996
3.4313735961914062
2.1766085624694824
3.3825340270996094
2.888503313064575
2.050199031829834
0.31858617067337036
1.4318395853042603
0.8393489718437195
1.414269208908081
1.2059541940689087
2.0218894481658936
2.353558301925659
1.9645429849624634
2.4702646732330322
0.460171103477478
0.9190934896469116
2.112718343734741
1.3337781429290771
1.6206250190734863
1.580777883529663
1.2323955297470093
1.8594262599945068
1.5684353113174438
1.6833593845367432
1.9259065389633179
1.1556211709976196
2.9804277420043945
0.8742573857307434
0.5174824595451355
1.8518235683441162
3.5381765365600586
1.4381301403045654
0.6897103190422058
1.9541536569595337
1.039923906326294
1.6397846937179565
1.1258344650268555
1.3998191356658936
1.1788597106933594
2.193869113922119
2.464038372039795
1.9973082542419434
1.5304617881774902
1.8946244716644287
1.7935198545455933
1.9122570753097534
1.0869524478912354
1.284403681755066
2.1037790775299072
1.2369647026062012
1.1421151161193848
1.9186049699783325
2.6450884342193604
1.431647777557373
1.1179406642913818
1.7711901664733887
1.7298634052276611
1.9815893173217773
3.5014774799346924
1.8094735145568848
1.8879063129425049
1.3009462356567383
2.3833794593811035
2.4849727153778076
1.2196168899536133
0.7794502973556519
1.5138044357299805
3.4162073135375977
3.0835037231445312
3.831728935241699
2.7206621170043945
2.1589760780334473
0.7683737277984619
1.174870252609253
1.8619349002838135
3.4934964179992676
2.1134934425354004
3.326651096343994
0.8584457635879517
2.342195510864258
2.5127580165863037
3.534153699874878
3.8853108882904053
1.0277488231658936
2.0353426933288574
1.1077651977539062
1.634326696395874
1.7727830410003662
2.6494667530059814
3.0847554206848145
2.60282564163208
2.2986326217651367
3.1311936378479004
2.0759401321411133
3.7680845260620117
3.9799108505249023
3.1253104209899902
2.4866082668304443
2.253619909286499
1.7399766445159912
3.9878487586975098
1.5249695777893066
0.8462581634521484
1.9174449443817139
1.4089922904968262
1.3348084688186646
1.727125883102417
3.3507277965545654
1.7497336864471436
3.5186197757720947
3.1614327430725098
2.047755479812622
1.549694538116455
3.537451982498169
3.9581096172332764
1.949548602104187
2.11453914642334
1.0173715353012085
1.4730085134506226
2.84675931930542
2.017076015472412
2.616379737854004
3.7402873039245605
0.9901743531227112
3.14719557762146
1.7762857675552368
2.346752405166626
2.6887152194976807
2.208503246307373
3.6489248275756836
1.5849378108978271
2.19234037399292
3.158971071243286
3.1845107078552246
3.1362223625183105
1.9967148303985596
2.6905698776245117
3.1085166931152344
1.7055552005767822
2.979321241378784
3.4780893325805664
1.40378999710083
3.2917401790618896
2.3807005882263184
3.6135098934173584
1.955186367034912
0.45615431666374207
2.5447843074798584
3.838823080062866
3.0763206481933594
2.291262149810791
1.9688360691070557
1.5647592544555664
2.282503128051758
1.650104284286499
2.038081169128418
0.9879264831542969
2.0652050971984863
4.153735160827637
1.4109383821487427
4.091659069061279
1.7948343753814697
2.659846782684326
2.1230454444885254
2.0921130180358887
1.9471418857574463
2.8442444801330566
2.186354398727417
4.3872151374816895
1.0327883958816528
2.8622853755950928
4.292759895324707
1.8497835397720337
0.746816098690033
1.473602533340454
3.0035276412963867
3.4888229370117188
2.4839189052581787
4.40463924407959
1.751367449760437
1.5654184818267822
1.8573904037475586
3.562990665435791
2.5524497032165527
0.8981744050979614
1.577831745147705
1.0401480197906494
4.118895530700684
1.4628150463104248
1.9661476612091064
1.6610627174377441
2.58111834526062
2.084803819656372
2.6115381717681885
2.3193247318267822
3.1531128883361816
2.0046138763427734
3.037523031234741
2.1222379207611084
0.8736929297447205
3.440664052963257
2.206465721130371
1.152543544769287
2.4253969192504883
4.039427757263184
2.0122172832489014
2.295065402984619
1.0339794158935547
1.2381298542022705
2.5654194355010986
1.8731701374053955
1.6487157344818115
2.940108299255371
0.9359109997749329
2.3966469764709473
1.4665405750274658
1.6504812240600586
2.5177645683288574
3.5535449981689453
1.6643856763839722
3.3111846446990967
1.9824851751327515
1.6904277801513672
1.8739789724349976
2.906078338623047
1.862742304801941
4.7116475105285645
4.019307613372803
1.9206868410110474
3.2588958740234375
2.513822078704834
2.0174028873443604
2.3604657649993896
1.7117366790771484
3.6218276023864746
2.583556652069092
1.410664439201355
1.350494146347046
3.569753646850586
2.027616024017334
2.4500818252563477
1.8942970037460327
1.245171070098877
2.5575945377349854
3.702029228210449
1.94049072265625
1.861210823059082
3.594965934753418
3.214773654937744
1.2052929401397705
2.276536464691162
1.8135250806808472
1.4315868616104126
1.5820045471191406
2.766808271408081
0.8604825735092163
1.586695909500122
2.9304885864257812
4.329383850097656
3.7557830810546875
1.3937971591949463
3.798041582107544
2.4242606163024902
1.8199151754379272
2.1397500038146973
2.8275914192199707
2.65879487991333
1.5287954807281494
1.9169862270355225
1.9330030679702759
1.4812101125717163
1.9836021661758423
2.0243301391601562
1.5985510349273682
2.649797201156616
4.38412618637085
1.2865300178527832
1.5992841720581055
1.4447038173675537
2.004331111907959
1.8985316753387451
2.2862443923950195
2.374910354614258
2.2123427391052246
1.1137880086898804
3.625307321548462
1.7135359048843384
1.8797295093536377
2.2154698371887207
2.224766254425049
1.9445228576660156
4.010289192199707
1.669973611831665
3.7803444862365723
2.8266355991363525
0.8360565900802612
2.9076125621795654
3.0127272605895996
2.9383606910705566
2.2578506469726562
1.5899677276611328
1.9516704082489014
2.528092861175537
2.008274793624878
3.114548683166504
1.701832890510559
3.580009698867798
2.495741605758667
1.821799397468567
1.6908531188964844
3.7212882041931152
0.8186456561088562
3.203601360321045
2.512261390686035
2.0527615547180176
1.2818398475646973
1.782637119293213
1.862821340560913
2.7971720695495605
1.9744867086410522
0.981804370880127
2.3361270427703857
0.7428041696548462
1.6573494672775269
2.1005747318267822
3.2268028259277344
4.17538595199585
2.5449349880218506
1.5931425094604492
3.206164598464966
1.6174238920211792
3.550018787384033
1.7125834226608276
1.965969204902649
2.621673583984375
2.9530982971191406
2.0181493759155273
1.562608003616333
1.1516437530517578
1.842578649520874
0.7666640877723694
0.9431760907173157
1.417087197303772
3.55690860748291
1.8900001049041748
1.8342138528823853
0.9293114542961121
4.183262348175049
1.6800615787506104
1.6048736572265625
3.121042251586914
2.9108152389526367
2.9656646251678467
1.499706745147705
2.0729150772094727
1.8369593620300293
3.5698845386505127
2.7326550483703613
2.615389347076416
3.7398149967193604
2.2716031074523926
2.2037465572357178
3.905216693878174
1.144628643989563
2.277909755706787
3.49656081199646
0.9987100958824158
2.340416669845581
1.2390179634094238
2.3214311599731445
1.8036389350891113
2.716820001602173
2.19040584564209
3.83730411529541
2.048283100128174
1.979562520980835
1.702559232711792
1.291130781173706
2.021186113357544
1.503746747970581
2.195537567138672
3.243612051010132
3.1295669078826904
3.7938406467437744
1.5426887273788452
1.9842402935028076
2.848292589187622
2.2135820388793945
4.083274841308594
3.5262582302093506
1.6876457929611206
1.3742382526397705
2.9032442569732666
6.119496538303792e-05
1.9086368083953857
1.0617200136184692
4.015230178833008
2.678010940551758
2.6780307292938232
3.441197633743286
1.6679553985595703
1.5974490642547607
2.3635857105255127
2.1447348594665527
1.596007227897644
3.1230201721191406
3.673794746398926
2.6485612392425537
1.2759995460510254
3.472996950149536
1.2050901651382446
1.2575043439865112
1.3433856964111328
2.601931571960449
1.4384573698043823
1.5762501955032349
3.2775168418884277
3.9087698459625244
3.109537363052368
2.194127321243286
2.2412023544311523
2.7964911460876465
1.658174991607666
2.807931900024414
1.1888130903244019
2.1545164585113525
1.980776071548462
1.8683849573135376
2.171442747116089
2.2861125469207764
3.8117942810058594
1.871503472328186
3.422849416732788
2.7497591972351074
2.0920987129211426
2.296100616455078
3.268728494644165
2.4083218574523926
1.9740047454833984
2.7317798137664795
3.6061148643493652
1.92928147315979
2.294874906539917
2.765759229660034
2.7692720890045166
2.4625632762908936
4.261712074279785
2.078087568283081
0.5735849738121033
1.4093549251556396
3.16477108001709
2.2745227813720703
2.1721956729888916
2.382399797439575
1.3952405452728271
3.9952006340026855
2.472120761871338
2.2425503730773926
2.064702272415161
2.293564796447754
1.7118513584136963
1.9314278364181519
2.526085615158081
2.4220128059387207
1.2004657983779907
2.4857683181762695
2.3118677139282227
1.515345573425293
2.1290512084960938
2.045729637145996
2.310635805130005
4.474523067474365
1.954184651374817
1.759202003479004
2.134920597076416
2.721710681915283
2.5466647148132324
2.6516928672790527
4.142752170562744
2.232355833053589
4.031374931335449
4.2771759033203125
2.6594889163970947
1.646628499031067
2.3192813396453857
1.0540717840194702
1.6793347597122192
2.4839510917663574
1.269927978515625
2.043217182159424
1.0100244283676147
2.413431167602539
1.7409075498580933
1.0279954671859741
1.6155118942260742
2.094207763671875
3.8624491691589355
1.5046716928482056
2.1926887035369873
3.731369972229004
0.8168706297874451
1.4242384433746338
1.4011521339416504
1.785085916519165
2.4336864948272705
0.8025851845741272
3.7664101123809814
2.491490125656128
1.8915996551513672
3.0885305404663086
2.551772117614746
2.3136093616485596
3.0206263065338135
2.608806848526001
1.9379801750183105
2.1700644493103027
2.5229368209838867
2.323208808898926
1.4907549619674683
2.0817079544067383
2.3890199661254883
1.8160741329193115
4.331758499145508
2.3714003562927246
2.5951907634735107
2.6542983055114746
3.1744298934936523
3.2210206985473633
1.4318339824676514
2.2769196033477783
2.247561454772949
2.4063987731933594
1.8292981386184692
2.910959243774414
2.662968635559082
2.2523484230041504
2.227487087249756
2.3392043113708496
1.806604266166687
1.9357774257659912
2.2220983505249023
2.3780951499938965
1.768953561782837
2.0255942344665527
2.202441453933716
1.9616527557373047
3.9493420124053955
2.4521379470825195
1.4686992168426514
1.9283549785614014
1.6175715923309326
1.3259553909301758
2.1243841648101807
2.0078303813934326
2.2169947624206543
2.989227533340454
2.500261068344116
2.197274684906006
1.8671414852142334
1.719995141029358
2.304762840270996
2.470820903778076
2.444654941558838
4.511534690856934
1.3150935173034668
2.2033278942108154
4.18130350112915
4.320301055908203
1.442108154296875
2.0091333389282227
1.0180879831314087
2.0909783840179443
4.087912559509277
2.5643539428710938
2.497462749481201
2.402040481567383
3.5522966384887695
1.7699344158172607
2.4989728927612305
2.5228757858276367
3.1995809078216553
2.112461805343628
2.2624120712280273
1.764830231666565
2.2382843494415283
2.5948808193206787
2.2678494453430176
3.876328468322754
2.0114798545837402
2.6094613075256348
3.929853677749634
0.8090027570724487
2.376892328262329
2.1975319385528564
2.0965073108673096
3.716492176055908
1.8747879266738892
2.0052366256713867
2.266092538833618
2.0120716094970703
2.1134910583496094
2.282697916030884
2.150850772857666
2.4574499130249023
3.0218985080718994
1.6045258045196533
2.083885908126831
2.5140514373779297
1.7140202522277832
1.5612889528274536
1.3193942308425903
2.591113805770874
1.7551218271255493
3.0641894340515137
3.8884363174438477
4.394135475158691
1.9480113983154297
1.3301639556884766
2.220906972885132
2.587759017944336
1.3498587608337402
1.1579478979110718
2.2062418460845947
4.185957908630371
1.154971957206726
3.7976393699645996
2.3281567096710205
2.5170812606811523
1.824736475944519
1.5912853479385376
1.930558443069458
2.988237142562866
1.535658597946167
2.806248664855957
2.4267354011535645
1.4441704750061035
4.496031284332275
2.3464930057525635
3.225346088409424
1.2523950338363647
1.6969364881515503
3.006732225418091
2.144501209259033
3.0095181465148926
2.0177040100097656
2.155423402786255
1.9950671195983887
2.256004810333252
2.570925235748291
1.9525045156478882
3.892768621444702
3.647050619125366
2.9892776012420654
2.491908311843872
2.170229196548462
1.13767671585083
2.749030828475952
2.3629300594329834
2.4743411540985107
3.389354705810547
3.868013620376587
4.29694128036499
2.329371213912964
1.8294601440429688
2.4290988445281982
2.326277732849121
2.007784605026245
2.746626138687134
2.6572628021240234
4.263687610626221
1.9780757427215576
1.9269579648971558
2.255138635635376
2.2367095947265625
1.9601666927337646
2.818463087081909
2.577578067779541
1.9960707426071167
2.2286789417266846
2.4437484741210938
2.329226493835449
1.8577382564544678
3.4010238647460938
1.1789718866348267
3.1591567993164062
2.8526296615600586
1.5083097219467163
3.354464530944824
3.4729089736938477
2.609189748764038
2.999871253967285
1.8062498569488525
2.457427501678467
2.641035318374634
2.5773706436157227
2.710965156555176
2.0689163208007812
2.365222930908203
2.7249743938446045
2.405395746231079
2.5287699699401855
2.393490791320801
1.8435544967651367
2.777303695678711
2.2409608364105225
2.6032886505126953
3.3331918716430664
4.711678504943848
3.3861355781555176
4.369725227355957
2.282881259918213
3.6235599517822266
2.242896318435669
2.5788238048553467
2.299490213394165
3.684354066848755
4.481072902679443
3.9958791732788086
2.4469010829925537
1.894599199295044
2.33663010597229
2.203932285308838
4.869498252868652
2.6651813983917236
2.330777883529663
3.8569788932800293
3.1323742866516113
2.3457181453704834
3.0464956760406494
2.7514851093292236
3.141942024230957
2.216632127761841
2.6255500316619873
1.1195074319839478
2.5512595176696777
2.5162839889526367
2.5176308155059814
4.0539045333862305
2.353484630584717
2.6919338703155518
3.0830976963043213
1.497989296913147
2.8696560859680176
2.4159672260284424
2.0896127223968506
3.027841806411743
3.8307981491088867
4.701396465301514
1.8040953874588013
3.389446258544922
2.6022207736968994
2.1639771461486816
3.313416004180908
4.152560234069824
2.737191915512085
2.3678154945373535
4.3713274002075195
3.472703456878662
3.046377182006836
3.460226058959961
2.3939881324768066
3.5330848693847656
2.3645527362823486
2.6011672019958496
2.0655126571655273
4.050971508026123
3.3683645725250244
2.238203525543213
2.9780797958374023
4.492923736572266
2.784128427505493
2.481804370880127
3.4986987113952637
2.8318686485290527
2.0850536823272705
4.526417255401611
1.8738019466400146
2.5586674213409424
2.598705768585205
3.4539496898651123
2.6934921741485596
4.612082481384277
1.6283923387527466
2.3209385871887207
2.512401580810547
3.181979179382324
4.603130340576172
3.6017725467681885
3.028534412384033
3.9646170139312744
1.9409091472625732
4.212921619415283
2.8670170307159424
3.6919357776641846
0.8174819350242615
1.7479557991027832
2.8197879791259766
2.462270975112915
4.332244873046875
2.4169442653656006
3.3864002227783203
2.657933235168457
4.5486884117126465
3.2545108795166016
3.5442612171173096
2.8436317443847656
2.6018495559692383
2.247201919555664
2.3654422760009766
2.9698257446289062
1.230288028717041
2.9155426025390625
2.344167470932007
2.7138748168945312
2.169630765914917
3.8415069580078125
2.4715449810028076
3.3882436752319336
2.681572914123535
4.187755584716797
1.9407060146331787
3.204692840576172
2.2856266498565674
2.763288974761963
2.447265863418579
1.8314881324768066
3.540513515472412
4.136768817901611
4.144993782043457
2.1193628311157227
1.9748233556747437
2.489427328109741
1.5637634992599487
1.4778704643249512
3.9041903018951416
3.3536171913146973
2.3068490028381348
2.804042100906372
1.8736964464187622
2.607687473297119
2.663792133331299
4.556103706359863
1.665433645248413
1.9250199794769287
2.5253725051879883
4.605483531951904
3.87943696975708
1.6223227977752686
1.742795467376709
2.0473921298980713
3.368602752685547
2.71079421043396
3.8628408908843994
2.1827783584594727
2.959726095199585
2.5769901275634766
3.2929673194885254
1.9981496334075928
2.253021717071533
3.9925777912139893
2.44781494140625
3.842508316040039
4.756570816040039
3.7681055068969727
2.859353542327881
3.6811561584472656
4.14495849609375
2.4133219718933105
2.4024739265441895
2.524550437927246
3.637086868286133
3.4524199962615967
4.154468536376953
1.893061637878418
1.2741624116897583
3.4030795097351074
2.273744583129883
2.398728847503662
2.3809735774993896
2.3290326595306396
1.377807378768921
2.387230157852173
3.683795690536499
2.166402578353882
4.291767597198486
2.714829444885254
2.2280170917510986
2.468027114868164
2.330862283706665
2.419175624847412
2.627977132797241
2.3024563789367676
2.84147310256958
4.440210342407227
2.2281322479248047
3.4442148208618164
2.114022731781006
1.8534388542175293
2.162158250808716
4.38672399520874
2.4102678298950195
3.208613634109497
2.961108446121216
2.150742292404175
3.4643001556396484
4.028597354888916
1.9437320232391357
2.6135709285736084
2.6229605674743652
2.6276848316192627
2.89138126373291
4.492868423461914
2.641124963760376
2.4088542461395264
2.24078106880188
4.434414863586426
3.150007486343384
2.022461175918579
2.770494222640991
2.7693235874176025
4.6028361320495605
3.8909270763397217
1.896765112876892
3.1825075149536133
2.4443235397338867
3.687523365020752
2.5027880668640137
2.1794729232788086
1.0418413877487183
2.898899555206299
2.078502655029297
2.643005847930908
2.272458791732788
2.291266441345215
3.494908332824707
4.6062703132629395
2.7970693111419678
1.4039344787597656
2.9598329067230225
4.198347091674805
2.896333932876587
3.260096311569214
2.353192090988159
1.99495530128479
2.219313144683838
1.0224379301071167
3.8203704357147217
2.3018338680267334
2.167952299118042
2.1499390602111816
2.1230978965759277
2.409496307373047
2.010261058807373
2.17758846282959
1.7601165771484375
1.3601939678192139
4.149063587188721
2.1906559467315674
2.2008538246154785
3.1366071701049805
1.190401315689087
3.789189338684082
4.206006050109863
1.8984304666519165
1.6202138662338257
3.1781508922576904
2.2133452892303467
0.68035489320755
1.8348817825317383
1.8650192022323608
3.0727574825286865
3.7987139225006104
2.2860474586486816
2.330594062805176
2.3061134815216064
2.747755527496338
1.638031005859375
2.384486198425293
4.3378095626831055
2.842123508453369
3.6417384147644043
2.990257740020752
1.9996273517608643
3.859403610229492
2.3542842864990234
2.288322925567627
2.998582124710083
3.2812249660491943
4.072894096374512
2.9858946800231934
2.1564085483551025
1.3687348365783691
4.793693542480469
2.3305716514587402
1.627976894378662
2.765382766723633
3.6248514652252197
3.009770393371582
3.404226779937744
2.65395450592041
4.075489521026611
2.2529470920562744
2.0919809341430664
4.350103855133057
2.48850679397583
2.001887321472168
1.0257225036621094
2.146174669265747
1.4894225597381592
1.9149543046951294
1.4668703079223633
4.29505729675293
2.279919147491455
2.9907851219177246
2.5498571395874023
2.0640201568603516
3.943049430847168
3.950577974319458
2.3425400257110596
3.3480427265167236
3.7081172466278076
2.8567922115325928
3.546198844909668
2.7166855335235596
3.561746835708618
2.2034571170806885
3.6511123180389404
1.1650716066360474
2.1038100719451904
4.217174530029297
1.7599360942840576
3.3769783973693848
2.141343355178833
1.7987667322158813
2.3563404083251953
3.9311397075653076
2.2348453998565674
3.7674951553344727
1.6806461811065674
1.8256189823150635
3.85508394241333
2.6196975708007812
2.401237726211548
2.6260135173797607
2.1103241443634033
1.8422596454620361
3.149014472961426
1.5694797039031982
1.8336362838745117
2.77890682220459
3.2587742805480957
1.9620968103408813
3.7255091667175293
4.3175368309021
2.204160690307617
2.277941942214966
4.21426248550415
2.969675064086914
2.5039074420928955
3.1284894943237305
3.230963945388794
2.5388073921203613
3.8993330001831055
3.205627202987671
3.969043493270874
1.3810433149337769
1.859945297241211
2.30523681640625
2.8804526329040527
3.9499499797821045
2.8213987350463867
2.4507646560668945
2.3751819133758545
2.635389804840088
1.8323307037353516
2.2454090118408203
1.8289052248001099
2.1281211376190186
2.3523430824279785
2.9015016555786133
3.7973194122314453
2.1274867057800293
1.3914872407913208
1.7122564315795898
2.4495742321014404
2.139227867126465
2.8895483016967773
1.6884238719940186
1.1071149110794067
2.0701494216918945
2.1417276859283447
1.9472419023513794
3.4579944610595703
2.1940085887908936
2.381925582885742
2.334223747253418
2.0608673095703125
1.6653083562850952
1.8315411806106567
1.617146611213684
3.2445309162139893
1.6801725625991821
2.016462564468384
2.883603811264038
3.666499137878418
1.4831352233886719
3.2040693759918213
1.858124852180481
4.272151947021484
1.3894177675247192
1.4505512714385986
2.077890396118164
1.7703033685684204
1.9489123821258545
2.512010097503662
1.6702674627304077
1.6471059322357178
1.1489853858947754
4.001090049743652
1.5966806411743164
2.592392921447754
1.7831604480743408
3.5638773441314697
3.4939839839935303
2.8278884887695312
2.5831196308135986
1.590318202972412
4.233631134033203
1.7529497146606445
2.3599002361297607
3.1421282291412354
2.9690771102905273
4.168402671813965
1.383486270904541
1.8273252248764038
1.9927595853805542
1.8664214611053467
2.6861140727996826
2.7421867847442627
2.258229970932007
2.3415820598602295
3.079749345779419
1.9963831901550293
3.03899884223938
3.629016637802124
2.2014033794403076
2.8429155349731445
3.7812366485595703
4.049430847167969
1.979480266571045
1.4987387657165527
1.4182484149932861
2.2656359672546387
3.012923240661621
3.8189878463745117
2.6634998321533203
2.0539164543151855
2.2032909393310547
3.2731575965881348
4.60568380355835
2.933170795440674
3.808790683746338
1.1234735250473022
2.8053579330444336
3.890434503555298
4.325555324554443
2.1401259899139404
1.9574027061462402
2.377476692199707
1.4855378866195679
1.7077209949493408
1.8591922521591187
2.467510938644409
3.1644678115844727
2.233973264694214
1.4819276332855225
2.085261583328247
3.0638561248779297
2.6390721797943115
1.5559022426605225
1.4628690481185913
1.9080193042755127
1.101773977279663
3.298022747039795
2.024085760116577
1.8575565814971924
