2.3784008026123047
3.69685435295105
4.6820268630981445
2.662518262863159
2.2374305725097656
1.4968187808990479
3.658876895904541
1.611046314239502
3.747525691986084
1.6268752813339233
1.6621510982513428
4.40150260925293
0.4893401563167572
1.9139385223388672
2.2458133697509766
1.2964951992034912
2.5476317405700684
3.319261074066162
3.006211757659912
1.0978871583938599
0.9194322824478149
0.283212810754776
2.058712959289551
3.016056537628174
1.540535807609558
1.8617397546768188
0.8370184302330017
0.5867581367492676
0.2582094073295593
3.5610837936401367
1.1618437767028809
2.733834743499756
2.3549022674560547
2.796731472015381
2.1282806396484375
0.031327053904533386
1.0326590538024902
1.0963850021362305
0.38724955916404724
0.5459293723106384
3.2475175857543945
1.3383506536483765
3.3061516284942627
0.6889453530311584
0.8967522382736206
0.2594127058982849
0.1049930602312088
0.148211270570755
1.6761195659637451
1.909326195716858
1.0230635404586792
0.8404686450958252
0.5529161691665649
0.5887419581413269
1.5258896350860596
0.10133378952741623
3.1678082942962646
1.778529405593872
3.5180211067199707
4.029738903045654
3.091106653213501
1.4365932941436768
2.130112648010254
1.5466675758361816
2.5639195442199707
0.16451126337051392
1.2571308612823486
2.167067527770996
0.16360068321228027
2.0725419521331787
0.9881656169891357
2.4456593990325928
2.3054471015930176
0.31963908672332764
3.7404274940490723
0.37974292039871216
0.09358377754688263
0.23395872116088867
2.6282527446746826
3.391447067260742
0.5863609313964844
1.7679179906845093
1.6428173780441284
1.9156168699264526
0.2599639296531677
1.2139536142349243
0.8399471640586853
3.1757543087005615
3.09824800491333
0.579150915145874
2.267561435699463
1.145458459854126
2.2888906002044678
2.557638168334961
2.719590902328491
1.1441998481750488
3.0946478843688965
1.2351124286651611
3.380908489227295
1.2823222875595093
1.3160901069641113
1.6103349924087524
2.781059980392456
1.258088231086731
1.9622039794921875
0.30251139402389526
0.10865151882171631
1.5167384147644043
2.918992519378662
3.1171324253082275
2.943465232849121
2.544083595275879
2.5480377674102783
2.220254421234131
0.47246474027633667
0.031408559530973434
3.601888418197632
2.1371779441833496
1.2631465196609497
1.3732352256774902
2.1318955421447754
0.41230258345603943
0.783352792263031
3.615124225616455
0.22982358932495117
0.9518172740936279
0.37911492586135864
2.8732802867889404
4.1132707595825195
0.5558114647865295
2.3789196014404297
2.4824728965759277
3.6338412761688232
4.01754093170166
3.78684401512146
3.9626312255859375
4.206464767456055
2.8244316577911377
1.8979519605636597
4.402735710144043
4.322910785675049
2.794384717941284
2.11970853805542
2.5695691108703613
1.2056149244308472
1.436050534248352
1.7854688167572021
3.629345417022705
1.7078460454940796
0.3786405324935913
2.181074380874634
1.6224911212921143
2.991328477859497
3.2698593139648438
2.496492862701416
4.652107238769531
0.06784947216510773
1.5507419109344482
3.501408338546753
0.5423228740692139
4.340281009674072
3.0593249797821045
2.424635887145996
3.5784974098205566
2.449044704437256
4.411684513092041
2.9578957557678223
3.7513492107391357
2.9961636066436768
1.781490445137024
1.1905267238616943
0.5774032473564148
2.1258082389831543
0.9631765484809875
1.8481745719909668
3.3091354370117188
4.206260681152344
3.590439796447754
0.05405169725418091
0.555414617061615
0.6090288162231445
1.334229588508606
1.5351533889770508
2.156374216079712
0.7195151448249817
0.08486011624336243
2.252439498901367
0.10468173027038574
1.6272361278533936
0.21489283442497253
2.0642943382263184
1.698034405708313
1.4966009855270386
3.8368632793426514
2.5105576515197754
2.073819398880005
3.5223255157470703
0.32181426882743835
0.06804932653903961
1.0048168897628784
0.8292352557182312
2.0426557064056396
0.7050057649612427
1.0384687185287476
0.34609031677246094
0.4294159412384033
2.4447693824768066
0.06809499859809875
0.3898138999938965
2.885606050491333
0.35852885246276855
2.7887377738952637
0.24781471490859985
2.2265634536743164
0.7010891437530518
1.4160640239715576
1.2639199495315552
4.208631992340088
3.705570697784424
2.2805614471435547
0.0845496729016304
0.36486101150512695
1.103934645652771
2.0996901988983154
0.24250559508800507
0.9234696626663208
2.075812339782715
1.119911789894104
1.5406817197799683
1.8306100368499756
1.307976484298706
0.34148648381233215
3.68314790725708
0.5226998329162598
2.900177001953125
1.4278664588928223
0.16592366993427277
1.0117897987365723
1.759294033050537
0.19624637067317963
1.4961254596710205
0.3468804955482483
1.1863176822662354
0.22082723677158356
1.184937596321106
0.4220808744430542
1.5943187475204468
1.7027841806411743
0.6357488036155701
0.803300142288208
3.714202642440796
3.9072365760803223
1.6061475276947021
2.6336004734039307
3.097188711166382
2.2486572265625
1.9207448959350586
0.922000527381897
2.5596179962158203
1.3869633674621582
3.173069477081299
3.25858473777771
3.82075834274292
3.362543821334839
3.0969467163085938
1.0167888402938843
1.9139442443847656
2.1570682525634766
1.5742745399475098
3.7057957649230957
2.7765769958496094
0.30378907918930054
2.018033981323242
1.5532146692276
3.5261154174804688
3.9926764965057373
0.45122599601745605
1.1330443620681763
0.8467302322387695
2.4865474700927734
0.33502596616744995
2.735360622406006
4.197676658630371
1.773951530456543
2.131218671798706
1.885695219039917
0.7909857034683228
2.5858540534973145
3.359733819961548
0.5753422379493713
1.8664151430130005
0.2020832896232605
2.7467074394226074
2.77207088470459
2.613309383392334
1.2757604122161865
1.3735623359680176
3.023824453353882
2.7366256713867188
3.2401585578918457
2.3587896823883057
2.5102829933166504
1.641470193862915
4.036633491516113
1.4807085990905762
2.930389881134033
3.8321340084075928
3.1387507915496826
2.2249813079833984
2.3822250366210938
0.5753822326660156
0.6141547560691833
3.199598789215088
0.919739842414856
2.861754894256592
3.311497211456299
2.6151604652404785
1.4770867824554443
1.7781379222869873
1.111495018005371
1.8529433012008667
2.4353585243225098
2.1538829803466797
3.001866102218628
1.742473840713501
0.2931239902973175
3.261445999145508
2.935476541519165
2.174607276916504
3.2796974182128906
1.3252909183502197
1.9894964694976807
4.000232696533203
3.017890691757202
2.357128620147705
3.265414237976074
3.3117733001708984
2.3099725246429443
0.9699919819831848
3.327537775039673
2.4956812858581543
4.500911712646484
2.735487461090088
2.913325786590576
0.4115486145019531
1.7578352689743042
3.44030499458313
0.3943200409412384
3.0070948600769043
0.7706729173660278
0.9155874848365784
4.420637607574463
0.49193036556243896
1.560196876525879
1.4007610082626343
1.0201892852783203
1.806283712387085
3.353469133377075
0.6592753529548645
3.030125617980957
2.4593300819396973
2.9943456649780273
4.1171040534973145
3.6627869606018066
0.6685545444488525
2.172337532043457
1.1285114288330078
3.648980140686035
3.75991153717041
3.9746928215026855
3.762526035308838
2.381627082824707
1.0960948467254639
1.0353806018829346
0.7858755588531494
4.3576436042785645
3.6458098888397217
1.247869610786438
1.5584551095962524
1.3829315900802612
4.413354873657227
1.0628712177276611
3.097642660140991
2.0056703090667725
2.6811881065368652
1.6398515701293945
2.8494718074798584
2.3737776279449463
1.6291654109954834
1.0646082162857056
4.2179484367370605
3.023667812347412
0.9248906373977661
1.9227737188339233
2.4884440898895264
2.0854828357696533
1.1617854833602905
3.177370548248291
3.771360158920288
2.260598659515381
2.389667510986328
1.1147881746292114
4.322751045227051
3.624330759048462
1.6929552555084229
3.6242165565490723
2.174023151397705
1.9394670724868774
2.3122987747192383
3.3848910331726074
2.498682737350464
3.634385824203491
2.0277020931243896
3.1604645252227783
2.4326162338256836
1.4172648191452026
1.0590293407440186
2.8744471073150635
2.1568822860717773
4.870858669281006
1.9501882791519165
2.829926013946533
4.714720726013184
2.467683792114258
2.353811502456665
1.3487889766693115
0.46939337253570557
4.175471782684326
3.187892436981201
1.7544207572937012
1.629386067390442
3.016117811203003
2.1803760528564453
2.8743624687194824
1.8083961009979248
3.363964080810547
2.660682201385498
4.387425899505615
3.5774612426757812
3.397251605987549
3.0471763610839844
1.9866766929626465
0.16884425282478333
2.012800931930542
1.6813009977340698
0.5822141170501709
3.1292834281921387
2.003276824951172
0.4221538305282593
2.255354881286621
4.069424629211426
3.8542704582214355
1.133052945137024
0.6680010557174683
3.756209373474121
3.9154815673828125
0.4824942648410797
3.115145683288574
1.2631028890609741
2.7842986583709717
1.1118440628051758
3.0451929569244385
0.8920523524284363
0.4259991943836212
2.979923725128174
4.027583599090576
1.5693550109863281
4.242251396179199
3.406456470489502
0.7730412483215332
3.161160707473755
3.1907222270965576
1.2754309177398682
2.620648145675659
2.374891996383667
0.40888142585754395
0.8223253488540649
3.491753578186035
2.916675090789795
3.05599308013916
2.4584808349609375
2.049370288848877
1.6547110080718994
0.8085284233093262
1.338864803314209
1.4190151691436768
3.2938504219055176
4.197831630706787
2.7393593788146973
2.334465980529785
3.856010675430298
2.605195999145508
3.567652940750122
1.2160773277282715
3.0833652019500732
3.0340452194213867
2.586892604827881
2.0363340377807617
0.5192220211029053
4.637923717498779
4.555668354034424
1.8449867963790894
3.9583828449249268
3.1779062747955322
0.5016786456108093
3.8978993892669678
0.5697803497314453
1.3025994300842285
1.6949963569641113
1.3271291255950928
0.8419890403747559
3.1657540798187256
0.9137876033782959
0.9776053428649902
2.900562047958374
1.1802427768707275
3.9841558933258057
2.897402286529541
2.480780601501465
2.8105921745300293
1.018423080444336
3.6874241828918457
2.5945992469787598
1.6480261087417603
1.6434835195541382
1.4511487483978271
0.5235371589660645
2.270922899246216
2.8057873249053955
0.7501274943351746
1.6717840433120728
1.8038597106933594
3.297855854034424
0.11699818819761276
1.3718760013580322
0.38940972089767456
3.3338091373443604
0.9405349493026733
2.2929372787475586
1.4867448806762695
3.9179787635803223
1.5945380926132202
1.3797367811203003
3.620267391204834
1.7751352787017822
3.4437191486358643
0.4632151126861572
2.651057004928589
1.8284852504730225
2.4553306102752686
3.892254590988159
2.045863389968872
3.744401454925537
3.4174818992614746
3.064880132675171
2.9934239387512207
2.2695868015289307
1.7787445783615112
1.7568342685699463
2.343257427215576
3.569733142852783
3.2321360111236572
1.0937526226043701
1.8728911876678467
2.9236764907836914
1.6410636901855469
3.783297061920166
1.3296198844909668
3.057415246963501
2.1525068283081055
3.6156179904937744
2.746753215789795
1.536708116531372
3.996901512145996
1.1986256837844849
3.1055164337158203
2.535106658935547
3.492579221725464
1.0750548839569092
2.3910651206970215
1.9493776559829712
3.3913419246673584
1.608217716217041
0.7777124047279358
1.9259883165359497
3.581221580505371
2.7416000366210938
2.6972837448120117
2.1467063426971436
3.5693564414978027
1.0781481266021729
3.1286561489105225
2.484316825866699
2.5725581645965576
1.2832145690917969
2.2120916843414307
3.2819080352783203
0.8570308685302734
3.395920753479004
3.4982669353485107
3.2735488414764404
0.8949135541915894
3.4857237339019775
2.6574060916900635
1.3512403964996338
2.8880152702331543
3.846646785736084
2.879742383956909
1.9886736869812012
4.5804524421691895
4.088615417480469
3.182548999786377
1.4445240497589111
1.3360261917114258
1.5249933004379272
1.3160191774368286
2.574122190475464
0.19715961813926697
1.3545172214508057
3.4996116161346436
1.6802436113357544
2.5549821853637695
1.0614973306655884
4.623037338256836
0.7248780131340027
1.729587197303772
2.520608425140381
1.0439835786819458
2.705615520477295
1.5865867137908936
1.429955005645752
2.21309494972229
2.4276344776153564
2.729104995727539
2.47409987449646
1.4017000198364258
2.46628475189209
2.585704803466797
1.706709861755371
3.126455307006836
2.8314638137817383
1.495532751083374
1.9248628616333008
2.805957317352295
3.384946823120117
2.341017007827759
4.189038276672363
3.2651398181915283
3.585361957550049
2.1570663452148438
3.5087690353393555
3.4261341094970703
2.5608932971954346
2.930150270462036
3.0612263679504395
1.2429200410842896
3.971651554107666
3.1513545513153076
2.6181387901306152
2.38704252243042
1.2484544515609741
2.9031763076782227
2.7098841667175293
2.9517507553100586
3.6394925117492676
2.725369453430176
2.007327079772949
2.202984094619751
2.4273133277893066
2.256441593170166
1.459779977798462
3.8651630878448486
3.12142014503479
3.84912371635437
3.0080816745758057
2.646361827850342
3.099713087081909
3.598695993423462
2.9465887546539307
0.20484328269958496
2.7151570320129395
2.4314937591552734
0.8728041648864746
1.3445944786071777
2.810149669647217
2.2616653442382812
2.918788433074951
1.5354290008544922
3.069227695465088
3.817711114883423
0.4491502344608307
3.6811227798461914
4.220461368560791
2.777547597885132
3.0731372833251953
1.9438071250915527
2.5359458923339844
2.5828850269317627
0.6176915764808655
2.645259141921997
1.8104143142700195
3.2205262184143066
2.2722461223602295
3.3874478340148926
0.34765195846557617
2.746751070022583
1.0889439582824707
3.2647085189819336
2.1197805404663086
3.1066954135894775
0.2739916145801544
2.7109289169311523
1.1224569082260132
2.372175693511963
2.0243918895721436
3.3742899894714355
0.8953348398208618
1.8818693161010742
3.6131157875061035
3.9457526206970215
2.983259677886963
3.313699960708618
0.9578782916069031
2.530014753341675
3.1433043479919434
3.370173454284668
3.2200255393981934
2.577735424041748
1.7398725748062134
2.7596631050109863
2.5155158042907715
2.783968210220337
1.9676989316940308
0.637570858001709
3.0259859561920166
1.3477778434753418
3.086611032485962
3.3199570178985596
1.830173134803772
2.457693338394165
1.8787158727645874
2.5943527221679688
2.032257556915283
3.065091133117676
2.652407169342041
1.1829843521118164
2.139714002609253
1.6352574825286865
3.4979681968688965
0.6082837581634521
0.4942210018634796
2.3650951385498047
2.993316888809204
4.087233543395996
1.0744454860687256
0.41831299662590027
3.3667585849761963
2.2894558906555176
4.152295112609863
3.9993324279785156
3.4016671180725098
2.0137360095977783
0.9949781894683838
3.4506611824035645
3.70658278465271
3.697737693786621
1.403376579284668
0.7608175873756409
3.620436429977417
2.109616279602051
2.625624656677246
3.308577060699463
3.151585578918457
4.091532230377197
0.42340725660324097
2.9913125038146973
1.5121376514434814
1.5614128112792969
2.858738899230957
3.384605646133423
3.441524028778076
3.1091678142547607
4.2388529777526855
4.0450968742370605
1.304492473602295
0.5769999027252197
0.8621835112571716
3.5718610286712646
2.3276796340942383
2.602281332015991
0.8834044933319092
1.8517147302627563
2.544616460800171
2.967299461364746
3.697903633117676
3.410179376602173
2.238363265991211
2.5911612510681152
0.8452496528625488
2.918269395828247
3.1359543800354004
0.9441792964935303
1.2284468412399292
2.5941731929779053
1.932787299156189
3.2933237552642822
3.362386465072632
4.072444915771484
3.401556968688965
3.043417453765869
3.588801383972168
2.88136625289917
2.6981515884399414
3.498411178588867
2.5120832920074463
1.7820923328399658
3.6431808471679688
1.2484256029129028
2.150728225708008
1.7574161291122437
1.7182073593139648
2.5391743183135986
1.790351152420044
1.6364549398422241
2.8954997062683105
1.8112081289291382
3.553079605102539
3.8258543014526367
1.5235717296600342
4.528853416442871
3.103311538696289
2.660909652709961
3.936152219772339
1.2861313819885254
3.1758460998535156
3.3257994651794434
2.3295373916625977
2.3331549167633057
2.019296646118164
1.287857174873352
2.659688949584961
3.3235673904418945
1.251865029335022
3.616398334503174
3.5528688430786133
3.78625750541687
3.672468900680542
1.627898097038269
2.991084098815918
2.897266387939453
2.9756503105163574
0.7961305379867554
1.7039049863815308
3.1903936862945557
3.989685535430908
3.43515682220459
0.9476261138916016
1.1679133176803589
3.660264015197754
2.8333256244659424
3.5016989707946777
3.401503086090088
4.398146152496338
0.506712019443512
0.47374284267425537
2.97458553314209
3.468339204788208
1.7221373319625854
0.48857855796813965
2.294833183288574
3.418541193008423
2.9962782859802246
2.7689619064331055
2.9619264602661133
1.8223028182983398
3.145373821258545
2.0136632919311523
3.0123188495635986
2.4382174015045166
2.070533037185669
3.007176160812378
0.8628107309341431
1.298426628112793
2.3769114017486572
2.663404941558838
1.9299051761627197
2.2584776878356934
1.8877686262130737
2.8205676078796387
3.5021698474884033
2.6108946800231934
4.042428493499756
3.980738639831543
1.7350633144378662
2.7833313941955566
3.1590332984924316
1.2007087469100952
3.215496778488159
1.2984896898269653
4.016883373260498
3.7916228771209717
1.4865868091583252
2.5243661403656006
2.8633105754852295
3.2858524322509766
3.08127498626709
2.6460084915161133
3.651093006134033
3.6948094367980957
2.601138114929199
1.7157310247421265
3.6788318157196045
1.918358564376831
1.8729640245437622
3.019676446914673
4.4534687995910645
0.9998264312744141
1.9150645732879639
4.295013427734375
1.7090362310409546
2.7627265453338623
2.7878899574279785
2.3709449768066406
3.66340970993042
3.7129342555999756
3.1765077114105225
1.5699543952941895
2.3876049518585205
3.468975067138672
2.9489660263061523
4.623476028442383
2.720731735229492
3.5798397064208984
1.0374202728271484
1.35899019241333
2.7635626792907715
1.1284823417663574
4.157090663909912
3.254295587539673
3.435819625854492
3.941657304763794
1.7825508117675781
3.329313039779663
1.9477826356887817
2.308013439178467
3.025576591491699
4.22713565826416
2.1414692401885986
3.780644416809082
3.870790958404541
3.5040476322174072
3.2083747386932373
3.9965085983276367
1.966668963432312
3.475955009460449
1.415126919746399
2.9641592502593994
2.0840952396392822
2.5006697177886963
3.2598958015441895
1.6533089876174927
1.9900060892105103
3.7036328315734863
1.0113736391067505
1.1372097730636597
2.437744617462158
3.75724196434021
2.6628658771514893
4.2126970291137695
2.1289637088775635
2.113227605819702
3.361661672592163
3.161306381225586
4.203429698944092
4.550980567932129
3.7792131900787354
2.7183470726013184
1.8904008865356445
3.6683237552642822
4.247666358947754
3.243454933166504
2.6635828018188477
2.0037026405334473
2.6305289268493652
4.0591840744018555
1.9215418100357056
3.690859079360962
3.226198673248291
1.29587984085083
3.420726776123047
3.8976595401763916
1.5086612701416016
3.1603708267211914
3.8403139114379883
3.4987199306488037
2.8860793113708496
0.9025423526763916
3.224614143371582
1.8718308210372925
2.2777953147888184
3.2203004360198975
2.504952907562256
2.0419726371765137
3.90549373626709
4.165783405303955
2.772679567337036
3.4430580139160156
2.8505496978759766
2.062772512435913
2.4340994358062744
2.011251926422119
3.761134386062622
3.2718515396118164
3.6602859497070312
2.989927291870117
2.282949686050415
2.678008556365967
3.01480770111084
3.6925580501556396
2.4747049808502197
3.803657293319702
3.387352228164673
3.668185234069824
2.2637417316436768
2.7205982208251953
3.47176456451416
3.1550865173339844
3.2973546981811523
2.8180670738220215
3.058516502380371
3.4313204288482666
3.341881036758423
3.2052903175354004
0.6123071312904358
4.767841339111328
2.740168809890747
2.537379741668701
3.7047858238220215
2.860456943511963
3.1192288398742676
3.5136423110961914
3.456002712249756
2.317073345184326
3.266383647918701
2.997457504272461
2.619126796722412
0.2678702771663666
3.7761402130126953
2.203792095184326
2.7644729614257812
3.8087291717529297
3.2450249195098877
4.399204730987549
3.0801591873168945
2.477017879486084
4.075241565704346
4.366422653198242
2.9298830032348633
3.288032054901123
4.155451774597168
3.351616382598877
0.7160571217536926
2.5339725017547607
3.5504493713378906
2.9771578311920166
2.5875563621520996
1.2693281173706055
2.722395658493042
2.523453712463379
3.1124491691589355
3.510369300842285
3.1028194427490234
2.8680107593536377
0.6917292475700378
1.5802909135818481
1.2891371250152588
3.2218174934387207
4.19124698638916
3.6047184467315674
1.4179314374923706
3.21920108795166
4.134223937988281
3.903245449066162
2.7502079010009766
2.6932356357574463
1.3033841848373413
2.681870460510254
1.7620970010757446
1.4357495307922363
3.155311107635498
2.1690878868103027
4.410472869873047
4.745532035827637
3.35664963722229
3.3860433101654053
3.3599977493286133
1.2566083669662476
2.2473504543304443
3.9676108360290527
0.9817060828208923
3.214264154434204
3.366823196411133
1.9168272018432617
3.445408821105957
3.058239221572876
3.8960013389587402
4.027166843414307
3.6418488025665283
2.906475305557251
2.9843969345092773
0.4580429494380951
2.311643123626709
3.0573108196258545
3.2547526359558105
2.8350043296813965
3.2508671283721924
3.0897884368896484
1.346792221069336
2.418675661087036
1.7206027507781982
3.9140777587890625
0.9633321762084961
4.490628242492676
4.29408597946167
1.1701632738113403
4.039112091064453
2.0672872066497803
3.7645699977874756
3.1977944374084473
3.118567705154419
0.5501447916030884
3.4923408031463623
4.234910488128662
2.4659502506256104
1.848672866821289
1.4484829902648926
0.510060727596283
3.3777449131011963
2.7918002605438232
3.669585704803467
4.09087610244751
3.5959599018096924
1.3879454135894775
4.590181827545166
2.6577577590942383
0.48333659768104553
1.78682541847229
1.5112271308898926
0.7276787757873535
3.484107494354248
1.4560376405715942
1.4032766819000244
1.4793450832366943
3.6280155181884766
4.450860977172852
3.7802388668060303
1.722181797027588
1.5326716899871826
3.628291130065918
1.2986483573913574
2.815776824951172
3.235023021697998
0.365420937538147
1.303239345550537
1.8525224924087524
1.200176477432251
3.037226676940918
1.4106347560882568
1.437375783920288
2.88936185836792
2.5965917110443115
2.801661729812622
2.6831843852996826
4.08231782913208
3.478376865386963
2.8960628509521484
3.401660680770874
0.6705669164657593
3.582603931427002
2.7162375450134277
1.5864789485931396
3.677973985671997
4.485392093658447
2.0605251789093018
2.452549457550049
4.577569484710693
1.9779788255691528
2.1784253120422363
0.6144602298736572
0.9820809960365295
1.3118584156036377
2.4615516662597656
2.5611279010772705
1.9830658435821533
1.200181007385254
1.9129968881607056
4.235976219177246
3.1808159351348877
1.9653183221817017
2.131633758544922
3.4072623252868652
2.4706242084503174
0.15597687661647797
0.7631956934928894
4.608949184417725
3.6047310829162598
3.084961175918579
2.7733941078186035
2.1312344074249268
2.6371216773986816
2.2281973361968994
1.4159594774246216
2.992906093597412
2.058717966079712
1.2174501419067383
0.7967341542243958
1.5303399562835693
2.2605080604553223
1.0181727409362793
2.000903606414795
0.2647659182548523
2.4183804988861084
3.0337319374084473
2.104912281036377
2.9120280742645264
1.8884013891220093
3.014383554458618
2.9587948322296143
4.43963623046875
3.015211820602417
2.9525134563446045
2.927581787109375
1.0607155561447144
0.9776461124420166
3.675999641418457
2.421415328979492
3.4358043670654297
0.8750075101852417
3.2130136489868164
3.4974942207336426
0.4268011450767517
3.4487223625183105
2.1510777473449707
2.353933334350586
1.9506102800369263
4.706913948059082
4.023718357086182
0.9408327341079712
1.3871710300445557
2.9022719860076904
1.8075361251831055
1.4288029670715332
1.5552555322647095
3.3434760570526123
2.2060134410858154
4.060059547424316
1.0116972923278809
3.8967666625976562
0.5501492023468018
2.594640016555786
2.161830186843872
3.2406508922576904
2.977872371673584
3.7743730545043945
2.193972587585449
2.8407487869262695
1.3055157661437988
1.8989596366882324
1.0502046346664429
2.0442559719085693
1.4903547763824463
1.4395289421081543
1.8242309093475342
2.375218391418457
3.5881166458129883
3.057945728302002
2.267854690551758
1.3134880065917969
2.625194549560547
2.1134698390960693
1.6753149032592773
1.646226167678833
2.578730344772339
1.8095964193344116
0.382138192653656
3.324812889099121
2.941598653793335
2.082517385482788
2.9852328300476074
2.294435739517212
0.7761626839637756
0.3281721770763397
2.5642356872558594
1.5429240465164185
3.316293716430664
2.090768814086914
4.435497283935547
1.4295473098754883
1.1712071895599365
2.589728832244873
3.5363972187042236
3.4245638847351074
3.1002774238586426
2.880521297454834
2.853867530822754
0.8295926451683044
3.904289722442627
1.2053425312042236
0.40891534090042114
1.7358629703521729
2.9330170154571533
3.3527865409851074
0.3133757710456848
1.9490923881530762
1.0059012174606323
2.0652875900268555
3.8734326362609863
2.9729340076446533
3.6392602920532227
1.9519238471984863
2.667776346206665
2.20463490486145
2.303083658218384
2.2165122032165527
1.842421293258667
4.348085880279541
0.10460507869720459
1.9185465574264526
1.3991819620132446
1.0823755264282227
2.10312819480896
3.7394561767578125
2.7416465282440186
1.8421907424926758
1.495829701423645
3.3295998573303223
2.474997043609619
2.8017852306365967
0.9679260849952698
3.1692042350769043
3.1837515830993652
2.5231847763061523
0.9908812642097473
0.3519625663757324
2.3506906032562256
4.671226501464844
2.743811845779419
2.0865375995635986
2.2908496856689453
2.3924200534820557
2.914670467376709
3.316948175430298
3.718308448791504
3.2598564624786377
2.655905246734619
1.4902079105377197
2.712186813354492
3.0991413593292236
2.023066282272339
1.4624085426330566
0.9495096802711487
2.77028226852417
0.5081980228424072
2.1964023113250732
3.925609588623047
1.4354238510131836
0.4124767780303955
2.676757335662842
2.529946804046631
2.889418125152588
2.0211801528930664
2.6559910774230957
1.6269850730895996
2.3987932205200195
1.4942610263824463
2.209900140762329
1.8060284852981567
3.1568851470947266
1.6453629732131958
